0|002865|20190731|-3.056700
0|300401|20190731|-3674.160645
0|300565|20190731|2269.509521
1|688022|20190731|187.160004
0|002889|20190731|1488.616699
1|600671|20190731|-109.710571
1|603327|20190731|-448.185150
0|000890|20190731|1243.709839
0|300538|20190731|-370.642700
0|300108|20190731|-1054.801636
1|600604|20190731|2803.074951
0|002119|20190731|2394.680176
1|688010|20190731|1091.469971
0|300783|20190731|997.716370
0|002523|20190731|514.350586
1|603738|20190731|159.028717
0|300731|20190731|-161.037292
0|002915|20190731|-537.159912
0|002881|20190731|7147.358887
0|002201|20190731|4702.392090
0|300786|20190731|1309.682251
1|600756|20190731|302.349548
1|688333|20190731|298.469910
1|601698|20190731|-535.077393
0|300671|20190731|-1328.401855
0|002903|20190731|-3184.225586
0|002507|20190731|4072.910889
0|002927|20190731|1225.457642
1|600069|20190731|1177.326172
0|000530|20190731|987.473999
0|000659|20190731|885.970825
1|603256|20190731|811.423889
0|300480|20190731|801.717712
1|688007|20190731|758.400024
0|000687|20190731|627.661316
1|688028|20190731|408.479797
1|603687|20190731|211.740540
1|603279|20190731|131.061432
0|002957|20190731|121.497101
0|900902|20190731|-5.791800
0|300775|20190731|-30.095600
0|002647|20190731|-69.080498
0|300363|20190731|-70.670898
0|300354|20190731|-193.942993
0|300151|20190731|-961.184814
0|300463|20190731|-1163.207886
1|603339|20190731|-1768.384521
0|000918|20190731|-1816.656494
1|600781|20190731|-1996.906860
0|002798|20190731|-5304.548828
