1|600352|20190418|51562.66
0|000159|20190418|25850.69
0|002385|20190418|22909.68
1|600150|20190418|20653.43
0|002547|20190418|17829.65
0|002668|20190418|16253.85
1|601138|20190418|14148.03
0|000836|20190418|13533.98
0|000958|20190418|11940.98
0|002429|20190418|11898.65
1|601989|20190418|11779.19
1|600776|20190418|11387.13
0|300099|20190418|11354.79
0|300292|20190418|11133.34
1|600600|20190418|11080.28
0|002304|20190418|10363.33
1|600050|20190418|9959.11
0|000066|20190418|9849.74
1|600536|20190418|9715.20
0|000651|20190418|9621.07
0|300229|20190418|9434.09
0|000650|20190418|8454.36
0|002129|20190418|8259.05
0|002191|20190418|7942.20
1|600977|20190418|7761.28
0|002303|20190418|7536.74
1|600487|20190418|7518.59
0|002229|20190418|7447.98
0|000680|20190418|7348.19
1|600237|20190418|7124.05
1|600760|20190418|7035.09
0|000592|20190418|6864.56
0|002115|20190418|6836.19
1|603360|20190418|6810.70
0|000753|20190418|6629.48
0|300198|20190418|6607.49
0|300299|20190418|6263.39
0|002307|20190418|5937.98
1|601068|20190418|5896.93
1|600973|20190418|5884.40
1|603626|20190418|5793.54
0|002662|20190418|5614.75
1|601298|20190418|5540.62
0|002529|20190418|5505.99
0|000063|20190418|5409.54
1|601949|20190418|5405.02
0|002125|20190418|5317.13
0|002739|20190418|5243.93
1|600804|20190418|4978.93
1|603000|20190418|4908.61
0|000661|20190418|4844.90
0|300528|20190418|4812.96
1|600522|20190418|4619.68
0|300130|20190418|4595.66
0|000996|20190418|4491.48
0|000877|20190418|4474.61
1|600850|20190418|4422.43
1|603589|20190418|4373.21
0|000860|20190418|4365.49
1|601238|20190418|4286.20
0|002388|20190418|4267.33
0|002056|20190418|4233.88
0|002100|20190418|4155.06
0|300471|20190418|4137.53
0|002302|20190418|4113.44
0|002099|20190418|4041.33
0|300767|20190418|3954.47
0|300113|20190418|3916.65
1|600019|20190418|3910.84
0|002292|20190418|3872.61
1|601212|20190418|3836.91
0|002469|20190418|3832.25
0|002593|20190418|3816.58
1|600460|20190418|3800.12
0|300444|20190418|3737.13
1|601857|20190418|3733.21
1|600559|20190418|3575.97
1|600970|20190418|3539.63
1|600863|20190418|3513.47
0|000070|20190418|3490.72
1|600438|20190418|3475.45
1|600425|20190418|3350.39
0|300188|20190418|3318.58
0|002230|20190418|3238.83
1|600963|20190418|3230.48
0|300495|20190418|3209.92
1|600030|20190418|3124.96
0|002683|20190418|3107.16
0|000610|20190418|3103.26
0|300316|20190418|2937.66
1|600406|20190418|2825.43
0|300427|20190418|2795.68
1|601886|20190418|2790.84
0|000799|20190418|2764.37
0|300176|20190418|2740.34
1|600130|20190418|2717.16
0|300432|20190418|2675.74
0|000586|20190418|2672.68
0|002180|20190418|2637.89
0|000418|20190418|2597.83
0|300388|20190418|2591.62
1|600741|20190418|2590.34
0|002498|20190418|2588.96
0|300086|20190418|2569.48
1|600738|20190418|2565.03
0|002941|20190418|2556.81
0|002846|20190418|2549.93
1|601966|20190418|2547.77
0|000596|20190418|2524.88
0|300072|20190418|2505.18
1|600000|20190418|2499.42
0|000966|20190418|2423.99
0|000528|20190418|2389.02
0|002398|20190418|2387.36
1|601777|20190418|2372.63
0|000928|20190418|2372.15
0|000333|20190418|2368.07
0|002446|20190418|2329.07
1|600146|20190418|2312.77
0|300207|20190418|2304.54
0|000038|20190418|2291.97
0|002221|20190418|2290.50
0|002174|20190418|2286.37
0|002368|20190418|2280.67
1|600435|20190418|2273.09
0|002951|20190418|2241.99
1|600640|20190418|2224.83
0|002868|20190418|2206.81
0|300459|20190418|2204.21
0|000911|20190418|2165.89
1|600009|20190418|2161.10
1|601390|20190418|2147.42
1|600337|20190418|2118.72
1|601018|20190418|2094.32
1|601000|20190418|2093.62
1|603369|20190418|2085.68
0|300255|20190418|2068.24
0|000595|20190418|2041.93
0|000786|20190418|2038.28
1|600490|20190418|2008.53
0|002930|20190418|1942.52
1|601860|20190418|1925.57
0|002548|20190418|1922.51
1|600685|20190418|1846.32
0|002138|20190418|1825.85
0|000632|20190418|1824.02
0|300413|20190418|1816.30
1|600809|20190418|1812.07
1|600078|20190418|1810.41
1|601336|20190418|1795.68
0|002631|20190418|1789.01
0|300199|20190418|1706.60
0|300383|20190418|1705.38
0|002234|20190418|1703.63
0|002215|20190418|1687.25
0|002057|20190418|1683.27
0|002511|20190418|1679.18
0|002428|20190418|1675.66
0|002214|20190418|1660.12
1|600281|20190418|1655.61
1|601933|20190418|1648.99
0|002300|20190418|1637.33
0|002579|20190418|1634.03
0|300265|20190418|1623.98
1|601058|20190418|1608.85
1|600155|20190418|1604.03
0|002916|20190418|1603.08
0|000703|20190418|1596.99
0|300145|20190418|1593.63
1|601116|20190418|1591.72
1|600075|20190418|1586.19
0|000768|20190418|1577.50
0|002508|20190418|1548.28
0|002089|20190418|1542.35
0|300208|20190418|1519.04
0|300006|20190418|1514.00
0|300492|20190418|1512.45
0|300676|20190418|1510.45
1|601888|20190418|1507.94
0|300107|20190418|1492.89
1|600528|20190418|1492.37
0|002445|20190418|1490.25
1|601101|20190418|1462.13
0|002557|20190418|1460.29
1|600782|20190418|1445.29
1|603186|20190418|1432.76
0|002463|20190418|1412.64
1|600815|20190418|1392.79
1|603363|20190418|1373.88
0|300397|20190418|1373.07
0|000016|20190418|1372.50
1|600096|20190418|1362.20
0|000789|20190418|1356.79
0|000970|20190418|1347.99
0|300565|20190418|1338.51
0|300724|20190418|1329.21
1|601601|20190418|1309.66
0|300152|20190418|1308.37
1|601108|20190418|1306.53
1|600503|20190418|1299.24
1|603916|20190418|1289.33
1|601186|20190418|1284.38
0|002558|20190418|1278.24
0|000700|20190418|1275.18
0|000156|20190418|1268.64
0|002092|20190418|1257.57
0|002336|20190418|1255.14
0|300168|20190418|1239.72
0|300748|20190418|1234.62
1|601233|20190418|1230.56
0|002666|20190418|1224.47
0|000729|20190418|1218.54
0|300502|20190418|1212.24
1|601008|20190418|1205.88
0|002127|20190418|1199.11
0|300133|20190418|1177.69
0|300010|20190418|1170.93
0|002254|20190418|1161.04
0|000716|20190418|1152.00
1|601595|20190418|1145.56
0|002147|20190418|1130.52
0|002538|20190418|1124.61
1|600207|20190418|1121.39
0|300421|20190418|1109.81
0|300022|20190418|1098.50
1|600031|20190418|1098.38
0|002271|20190418|1087.77
1|603609|20190418|1083.19
0|002204|20190418|1045.06
0|002268|20190418|1043.87
1|600498|20190418|1043.36
0|000728|20190418|1042.94
0|000898|20190418|1035.92
0|002281|20190418|1029.69
1|603606|20190418|1009.09
1|601088|20190418|998.10
1|600353|20190418|995.95
0|300274|20190418|979.62
1|600118|20190418|978.54
1|600141|20190418|971.52
1|600802|20190418|970.02
0|300123|20190418|964.45
0|002334|20190418|957.83
1|603833|20190418|956.25
1|603181|20190418|954.19
1|600197|20190418|948.65
0|002102|20190418|948.49
1|600779|20190418|948.18
0|002190|20190418|946.83
1|601869|20190418|942.49
1|600379|20190418|936.67
0|002524|20190418|932.59
1|600239|20190418|929.52
0|002436|20190418|928.33
1|603496|20190418|925.77
0|300250|20190418|915.48
0|002110|20190418|915.15
1|600328|20190418|914.67
0|300358|20190418|907.77
1|600299|20190418|903.17
0|002185|20190418|898.96
0|000717|20190418|898.52
1|603806|20190418|895.36
1|603377|20190418|877.95
0|002474|20190418|867.75
0|000869|20190418|862.92
0|300181|20190418|858.80
0|002093|20190418|857.72
0|002492|20190418|857.28
0|002803|20190418|851.19
0|000510|20190418|850.31
0|000823|20190418|850.23
1|601880|20190418|842.59
1|600105|20190418|839.16
0|002399|20190418|838.37
1|603042|20190418|836.24
1|600107|20190418|835.38
1|601606|20190418|830.97
0|002276|20190418|826.36
1|601999|20190418|825.73
0|002250|20190418|824.66
1|600527|20190418|820.03
0|002481|20190418|819.83
1|600543|20190418|815.67
0|002821|20190418|814.72
1|603816|20190418|811.03
0|300463|20190418|805.63
0|300303|20190418|800.63
0|002029|20190418|795.21
0|300553|20190418|794.96
1|600010|20190418|786.27
0|002201|20190418|772.54
0|000568|20190418|769.69
1|600094|20190418|768.28
0|002343|20190418|768.10
0|300008|20190418|763.25
1|601881|20190418|762.41
0|000509|20190418|761.31
0|300050|20190418|755.09
0|002081|20190418|752.78
0|000671|20190418|749.55
0|300513|20190418|745.65
0|002218|20190418|741.66
1|600393|20190418|739.60
0|000672|20190418|739.60
0|000997|20190418|738.71
0|002289|20190418|736.95
1|601985|20190418|735.39
0|002461|20190418|734.20
1|603519|20190418|734.17
1|600621|20190418|732.92
0|000887|20190418|731.59
0|300595|20190418|722.20
1|600016|20190418|714.34
0|002624|20190418|711.52
0|002038|20190418|706.13
0|002569|20190418|700.35
1|601890|20190418|699.81
0|300723|20190418|698.33
0|000589|20190418|693.94
0|002078|20190418|692.77
0|002555|20190418|691.59
1|603223|20190418|684.57
0|002373|20190418|684.43
0|000419|20190418|681.97
1|603557|20190418|678.67
0|300510|20190418|678.11
0|300065|20190418|676.25
1|603192|20190418|674.03
1|600690|20190418|672.06
1|601988|20190418|668.94
1|600569|20190418|662.50
0|002649|20190418|662.18
1|603588|20190418|647.11
0|002775|20190418|643.78
0|002205|20190418|643.07
0|002217|20190418|638.20
0|000922|20190418|637.17
1|600526|20190418|634.21
0|002320|20190418|632.93
0|300369|20190418|632.12
1|601198|20190418|625.59
0|002819|20190418|624.96
0|300684|20190418|620.89
0|002672|20190418|617.90
1|603127|20190418|614.72
1|600128|20190418|613.26
0|300345|20190418|612.97
1|603015|20190418|612.84
1|600015|20190418|612.66
0|000818|20190418|608.90
0|002094|20190418|607.67
1|603963|20190418|606.45
0|300100|20190418|604.02
1|600028|20190418|599.05
1|603899|20190418|598.92
1|600581|20190418|598.01
0|002261|20190418|597.21
0|002277|20190418|594.88
0|002863|20190418|594.37
0|300600|20190418|593.22
0|000546|20190418|592.25
1|603890|20190418|592.21
0|002353|20190418|591.77
1|603885|20190418|588.83
0|300679|20190418|586.44
1|600715|20190418|584.99
0|002148|20190418|583.25
0|002484|20190418|576.79
0|002311|20190418|573.88
1|603266|20190418|571.73
0|002163|20190418|571.27
0|300730|20190418|566.41
0|300709|20190418|563.62
1|600654|20190418|561.84
1|600577|20190418|559.89
0|000403|20190418|549.45
0|002410|20190418|548.71
0|002132|20190418|544.32
0|300573|20190418|544.26
0|002387|20190418|541.73
1|601858|20190418|541.40
0|300682|20190418|535.59
0|300297|20190418|535.02
0|300310|20190418|532.07
1|603711|20190418|531.49
0|002032|20190418|530.72
1|600298|20190418|521.69
0|300743|20190418|520.65
0|000656|20190418|519.40
0|300762|20190418|516.27
0|000005|20190418|515.04
0|002891|20190418|514.89
0|300357|20190418|512.66
0|300706|20190418|509.66
0|300534|20190418|508.44
1|603517|20190418|508.21
0|002950|20190418|507.55
0|300359|20190418|506.17
0|002164|20190418|502.23
1|603929|20190418|499.92
1|600579|20190418|499.45
0|300011|20190418|497.67
0|002583|20190418|497.35
0|000718|20190418|497.06
0|300590|20190418|494.64
0|300430|20190418|492.20
0|300494|20190418|492.01
0|000721|20190418|491.40
0|002177|20190418|490.93
1|601200|20190418|485.11
0|002895|20190418|484.91
0|002166|20190418|484.56
0|002266|20190418|481.17
0|002316|20190418|479.69
0|002773|20190418|476.32
0|000933|20190418|474.07
0|300454|20190418|466.75
0|002746|20190418|464.24
0|002170|20190418|463.10
1|600038|20190418|462.51
1|600203|20190418|462.06
1|603580|20190418|459.01
0|002462|20190418|458.32
0|002669|20190418|457.71
0|300114|20190418|452.41
1|603803|20190418|451.29
0|300268|20190418|450.67
0|300571|20190418|442.96
0|002855|20190418|441.94
1|600416|20190418|441.03
1|603859|20190418|440.07
0|300051|20190418|437.36
0|002434|20190418|431.85
0|002563|20190418|431.32
1|603555|20190418|431.15
1|600008|20190418|428.75
1|603968|20190418|427.00
1|600900|20190418|425.51
0|300584|20190418|424.05
1|600132|20190418|422.35
0|002017|20190418|422.30
0|002604|20190418|411.54
0|002885|20190418|409.95
1|600711|20190418|401.43
0|300021|20190418|401.40
0|300118|20190418|400.43
0|002642|20190418|395.97
0|300243|20190418|392.94
1|600351|20190418|387.97
0|002786|20190418|387.36
0|300217|20190418|382.47
0|000906|20190418|382.07
0|300387|20190418|378.09
0|300318|20190418|376.94
0|002449|20190418|376.81
1|600515|20190418|373.92
1|601288|20190418|370.69
0|300550|20190418|369.96
0|300204|20190418|369.76
0|300350|20190418|368.14
0|002759|20190418|365.65
1|603788|20190418|365.41
1|603933|20190418|363.61
0|300308|20190418|363.15
1|600202|20190418|362.89
1|600278|20190418|362.52
1|603198|20190418|361.71
1|603683|20190418|359.85
1|600688|20190418|354.86
0|002069|20190418|353.80
1|600180|20190418|352.31
0|000503|20190418|350.27
0|300447|20190418|349.96
0|000863|20190418|347.65
0|300392|20190418|344.53
1|600116|20190418|343.51
1|600717|20190418|342.18
0|300366|20190418|340.65
1|603187|20190418|338.90
1|600757|20190418|337.95
1|600153|20190418|337.22
1|603118|20190418|336.95
0|300467|20190418|335.69
1|603868|20190418|334.12
1|603499|20190418|330.20
0|300041|20190418|330.01
1|603729|20190418|329.08
1|603843|20190418|327.77
1|600587|20190418|327.16
0|300589|20190418|324.55
0|002650|20190418|323.01
0|002228|20190418|322.40
1|603958|20190418|317.98
1|603615|20190418|313.01
0|002196|20190418|312.70
0|300300|20190418|311.13
0|002288|20190418|305.53
0|300234|20190418|305.30
0|002071|20190418|303.85
0|000833|20190418|303.83
0|002167|20190418|300.94
0|000662|20190418|300.72
0|002111|20190418|300.42
0|300587|20190418|298.60
1|600557|20190418|297.45
0|002865|20190418|294.34
0|002707|20190418|293.46
0|000498|20190418|293.38
0|002264|20190418|292.42
0|002378|20190418|289.72
1|600756|20190418|288.22
0|002613|20190418|288.09
0|300570|20190418|287.48
1|600566|20190418|285.50
0|002550|20190418|284.04
1|600022|20190418|282.21
1|600095|20190418|280.26
0|000791|20190418|277.92
0|002364|20190418|277.20
1|600702|20190418|276.61
0|000757|20190418|276.33
1|601878|20190418|276.18
1|603320|20190418|275.45
0|300686|20190418|271.16
1|601838|20190418|271.15
1|600808|20190418|270.02
0|002757|20190418|269.30
0|000702|20190418|268.35
0|300189|20190418|266.47
1|603008|20190418|265.13
0|000623|20190418|264.22
0|002536|20190418|264.20
1|600497|20190418|263.95
0|002742|20190418|263.88
1|600773|20190418|263.82
1|600151|20190418|259.60
0|000570|20190418|259.12
1|600617|20190418|253.92
0|000812|20190418|250.45
0|300134|20190418|249.88
0|002530|20190418|248.50
1|600085|20190418|246.25
0|002866|20190418|245.29
0|002674|20190418|244.20
0|002805|20190418|244.13
0|002246|20190418|243.49
0|002861|20190418|240.99
1|600083|20190418|240.97
0|000639|20190418|240.95
1|600026|20190418|240.38
0|002539|20190418|240.29
0|002929|20190418|240.17
1|601991|20190418|232.44
0|002912|20190418|232.44
0|000782|20190418|231.59
1|601965|20190418|231.37
0|002867|20190418|229.52
1|600126|20190418|228.46
1|600764|20190418|228.44
0|300558|20190418|228.43
1|600712|20190418|226.69
0|300761|20190418|225.68
0|002888|20190418|224.20
0|002831|20190418|223.40
1|600747|20190418|222.95
0|300055|20190418|222.31
1|603738|20190418|222.27
0|000795|20190418|221.36
1|603801|20190418|221.07
0|000715|20190418|220.17
1|600466|20190418|219.94
0|002096|20190418|219.29
1|603628|20190418|219.26
0|002101|20190418|217.47
1|600329|20190418|214.93
0|002348|20190418|213.44
0|300389|20190418|213.44
0|002552|20190418|213.13
1|603538|20190418|212.84
0|300251|20190418|211.95
0|002503|20190418|211.05
0|300142|20190418|210.49
0|002568|20190418|210.25
1|600729|20190418|209.73
0|002297|20190418|209.51
1|600359|20190418|205.08
1|600252|20190418|205.02
0|002856|20190418|204.59
1|600311|20190418|203.98
0|002697|20190418|203.07
1|603637|20190418|202.72
0|000861|20190418|201.62
0|002182|20190418|201.49
1|600289|20190418|201.48
0|300396|20190418|200.35
0|300141|20190418|199.36
0|000018|20190418|199.14
1|600069|20190418|198.88
1|603380|20190418|197.20
1|603029|20190418|197.02
1|603488|20190418|196.70
0|002420|20190418|196.26
0|002815|20190418|194.14
1|603096|20190418|194.01
1|603583|20190418|190.34
1|603100|20190418|190.05
0|002080|20190418|189.73
0|300402|20190418|189.34
1|600302|20190418|188.46
0|000612|20190418|187.72
1|603638|20190418|187.72
0|300283|20190418|187.23
1|600258|20190418|186.96
1|600897|20190418|186.51
0|300688|20190418|184.46
0|002330|20190418|184.29
0|002171|20190418|182.54
0|002882|20190418|181.72
0|000803|20190418|181.48
0|000759|20190418|181.44
1|600251|20190418|180.75
0|002910|20190418|180.66
0|002620|20190418|180.01
0|300103|20190418|179.89
1|603579|20190418|177.61
0|002935|20190418|176.40
0|002088|20190418|176.29
1|603421|20190418|174.30
1|600216|20190418|172.26
1|600889|20190418|171.64
0|300024|20190418|170.58
1|600801|20190418|169.70
1|600063|20190418|169.02
0|300436|20190418|168.72
1|600215|20190418|168.50
1|603848|20190418|168.28
0|000901|20190418|166.86
1|603808|20190418|166.32
1|600701|20190418|166.04
0|002015|20190418|165.30
1|600692|20190418|164.95
1|603111|20190418|162.93
1|603721|20190418|161.97
0|300321|20190418|161.02
0|000420|20190418|160.69
1|600098|20190418|159.68
0|300224|20190418|158.49
1|603456|20190418|158.45
0|002333|20190418|158.37
1|600272|20190418|157.91
0|002142|20190418|156.63
0|300509|20190418|154.05
0|300489|20190418|153.23
1|600115|20190418|151.92
1|600861|20190418|151.80
0|002296|20190418|151.42
0|300264|20190418|150.83
0|000534|20190418|149.65
1|600077|20190418|149.42
1|600888|20190418|149.02
0|002729|20190418|148.92
0|000692|20190418|148.70
1|600319|20190418|148.06
0|002689|20190418|147.97
0|002188|20190418|147.43
1|600540|20190418|146.98
1|603677|20190418|145.81
1|600864|20190418|145.43
0|002832|20190418|142.09
0|300660|20190418|141.74
0|002702|20190418|139.38
1|200596|20190418|137.07
0|000982|20190418|137.04
0|300533|20190418|136.70
0|300529|20190418|135.53
1|600367|20190418|135.40
0|000798|20190418|134.95
0|002919|20190418|134.45
1|600509|20190418|134.26
1|601799|20190418|134.20
0|300143|20190418|133.32
0|000978|20190418|132.32
1|600883|20190418|132.21
0|000695|20190418|132.12
0|300562|20190418|131.46
0|300645|20190418|131.25
0|300703|20190418|128.98
0|300626|20190418|128.78
0|002209|20190418|128.67
1|603345|20190418|127.68
1|600455|20190418|127.25
0|002197|20190418|127.22
0|002441|20190418|127.18
0|300712|20190418|126.93
1|600576|20190418|126.72
1|600529|20190418|126.56
0|002664|20190418|126.39
1|603883|20190418|126.21
1|603083|20190418|124.30
0|000920|20190418|123.07
0|300138|20190418|122.63
1|600199|20190418|121.00
0|002227|20190418|120.24
0|002693|20190418|120.17
1|200869|20190418|119.58
1|600338|20190418|119.23
1|603069|20190418|118.90
1|603298|20190418|118.56
1|603331|20190418|118.56
1|601163|20190418|118.18
0|002528|20190418|117.76
0|002395|20190418|117.08
0|002143|20190418|116.37
0|300736|20190418|116.35
1|603336|20190418|116.09
1|603023|20190418|115.76
0|000835|20190418|114.56
0|002457|20190418|114.45
1|601326|20190418|114.18
0|000545|20190418|113.98
0|002363|20190418|113.54
0|300609|20190418|113.34
0|002913|20190418|113.26
0|000153|20190418|111.78
1|600184|20190418|111.76
1|603778|20190418|111.32
0|300026|20190418|111.22
0|000099|20190418|110.58
1|600381|20190418|110.46
1|603055|20190418|110.03
0|002314|20190418|109.41
1|600396|20190418|107.93
1|600160|20190418|107.11
0|300634|20190418|105.84
0|300669|20190418|105.52
1|600838|20190418|103.08
0|002120|20190418|102.16
0|002732|20190418|101.89
1|600185|20190418|101.38
0|300029|20190418|101.05
0|300692|20190418|100.78
1|600368|20190418|100.06
1|600360|20190418|100.05
1|600880|20190418|98.24
1|600378|20190418|98.15
0|000011|20190418|98.11
1|600893|20190418|97.83
1|600322|20190418|96.54
0|300415|20190418|96.47
1|600233|20190418|96.46
0|000999|20190418|96.23
0|002769|20190418|95.54
0|300089|20190418|95.07
1|600984|20190418|94.39
0|002212|20190418|94.09
1|603486|20190418|92.75
1|601566|20190418|92.49
0|300304|20190418|92.24
1|600502|20190418|91.85
0|002232|20190418|91.80
0|300187|20190418|91.34
0|300232|20190418|90.87
1|603365|20190418|90.79
0|002578|20190418|90.51
0|300087|20190418|90.40
1|600133|20190418|89.71
1|600847|20190418|88.98
1|600807|20190418|88.70
0|300111|20190418|88.07
1|600714|20190418|88.02
1|603313|20190418|87.64
0|300716|20190418|86.66
1|603699|20190418|86.00
0|300062|20190418|85.94
1|600818|20190418|85.33
1|603703|20190418|85.19
1|600225|20190418|84.96
1|603311|20190418|84.23
0|300621|20190418|83.94
0|000758|20190418|83.79
1|603258|20190418|83.19
1|600372|20190418|82.52
0|002097|20190418|82.43
0|002847|20190418|81.52
0|300746|20190418|81.24
1|603355|20190418|80.47
0|300535|20190418|80.39
0|300484|20190418|79.71
0|300720|20190418|79.12
0|300501|20190418|79.08
0|300272|20190418|78.94
1|600361|20190418|78.59
0|300128|20190418|77.56
0|300753|20190418|76.84
0|300769|20190418|76.08
0|300157|20190418|75.93
0|000995|20190418|75.18
1|600976|20190418|74.62
1|600421|20190418|73.17
1|600449|20190418|72.82
0|300551|20190418|72.71
0|300629|20190418|71.82
0|000301|20190418|71.60
0|300233|20190418|71.45
1|603066|20190418|70.57
1|603535|20190418|70.33
1|603936|20190418|70.33
1|600882|20190418|70.18
0|300605|20190418|70.00
0|300675|20190418|69.49
0|002781|20190418|69.29
1|603043|20190418|68.62
1|603605|20190418|68.33
1|600172|20190418|68.28
0|002189|20190418|68.15
0|000665|20190418|67.94
1|600423|20190418|67.39
0|300293|20190418|67.36
0|300385|20190418|66.56
0|300542|20190418|66.42
0|000691|20190418|66.21
1|600821|20190418|65.19
0|002140|20190418|64.63
1|600035|20190418|64.50
1|600726|20190418|64.20
1|600257|20190418|63.71
1|900933|20190418|63.24
0|300414|20190418|63.07
0|300290|20190418|63.05
0|002172|20190418|62.77
0|002899|20190418|61.65
0|300606|20190418|61.60
1|603203|20190418|61.24
0|002903|20190418|61.18
0|002818|20190418|60.74
0|000809|20190418|59.23
1|600835|20190418|59.12
1|603798|20190418|58.77
0|300404|20190418|58.51
0|300611|20190418|58.15
1|603919|20190418|56.86
1|603317|20190418|56.24
0|300591|20190418|55.71
1|600644|20190418|55.60
1|600853|20190418|55.30
1|600979|20190418|54.57
1|603088|20190418|53.93
0|300733|20190418|53.62
1|600671|20190418|52.81
0|300508|20190418|52.27
0|002798|20190418|51.34
1|603089|20190418|51.34
1|603335|20190418|51.11
1|603226|20190418|50.63
1|600168|20190418|50.53
0|002685|20190418|50.08
1|603586|20190418|49.69
1|601798|20190418|49.51
0|000620|20190418|49.38
0|002651|20190418|49.33
1|603500|20190418|49.27
0|300768|20190418|49.22
1|603617|20190418|49.21
0|300525|20190418|49.19
1|603239|20190418|48.24
1|603218|20190418|47.95
1|603299|20190418|47.83
0|300453|20190418|47.14
1|600661|20190418|46.05
0|002207|20190418|45.13
1|603068|20190418|45.11
1|601901|20190418|45.09
0|002374|20190418|44.60
0|002321|20190418|44.37
0|002836|20190418|44.25
1|600578|20190418|43.79
0|002850|20190418|43.41
1|600811|20190418|42.85
0|002556|20190418|42.68
0|300428|20190418|42.67
1|600796|20190418|42.27
0|300664|20190418|42.13
1|600592|20190418|42.05
1|603709|20190418|42.01
0|002782|20190418|41.74
1|603139|20190418|41.58
0|300305|20190418|41.27
0|002743|20190418|40.95
0|300398|20190418|40.69
0|300713|20190418|40.57
0|002534|20190418|40.48
0|002718|20190418|40.41
0|000544|20190418|40.23
1|600865|20190418|39.99
0|002807|20190418|38.59
0|002519|20190418|38.48
1|600774|20190418|38.22
1|603368|20190418|37.70
1|603007|20190418|37.46
0|300172|20190418|36.84
1|603520|20190418|36.74
0|300302|20190418|36.70
0|300120|20190418|36.66
1|600250|20190418|36.41
1|603886|20190418|36.36
1|603790|20190418|36.16
0|000663|20190418|35.70
0|300460|20190418|35.50
0|002095|20190418|35.14
0|002705|20190418|35.00
1|600385|20190418|33.43
0|300053|20190418|33.35
0|300583|20190418|33.10
1|603880|20190418|32.89
1|600448|20190418|32.51
0|002582|20190418|32.48
1|600090|20190418|32.35
0|300572|20190418|31.58
0|300537|20190418|31.30
1|600630|20190418|31.08
1|603878|20190418|31.06
0|002286|20190418|31.00
0|002838|20190418|30.95
0|002875|20190418|30.87
1|603322|20190418|30.63
0|002646|20190418|30.59
1|600612|20190418|30.15
0|300530|20190418|29.50
1|600501|20190418|29.37
1|603228|20190418|29.02
0|300258|20190418|28.91
1|603800|20190418|28.89
0|300336|20190418|28.19
1|603600|20190418|27.87
0|300729|20190418|27.50
1|603838|20190418|27.10
1|603001|20190418|26.86
0|002541|20190418|26.78
1|603337|20190418|26.61
1|603063|20190418|26.39
1|603685|20190418|26.06
0|002448|20190418|26.02
1|603938|20190418|25.66
0|002816|20190418|25.61
0|002898|20190418|25.46
0|002753|20190418|24.08
0|002800|20190418|23.97
0|300154|20190418|23.33
0|300301|20190418|23.20
1|600377|20190418|23.12
0|300701|20190418|22.79
0|300231|20190418|22.62
0|300521|20190418|22.03
0|002811|20190418|20.95
0|300056|20190418|20.89
0|000893|20190418|20.25
0|300298|20190418|20.15
0|300294|20190418|20.00
1|603076|20190418|19.58
0|002186|20190418|19.52
0|300161|20190418|19.28
0|300211|20190418|19.19
1|603777|20190418|19.01
0|300677|20190418|18.94
1|601958|20190418|18.62
0|002269|20190418|18.32
1|603103|20190418|18.06
0|300034|20190418|17.74
1|600468|20190418|17.69
0|000701|20190418|16.60
0|002678|20190418|16.54
0|300475|20190418|16.49
1|600532|20190418|16.14
1|600243|20190418|15.87
1|603909|20190418|15.76
0|000967|20190418|15.66
1|603037|20190418|15.53
1|600562|20190418|15.07
0|002452|20190418|14.65
0|300689|20190418|14.19
0|002260|20190418|14.14
1|603366|20190418|14.14
0|300329|20190418|13.89
1|600017|20190418|13.54
1|601086|20190418|13.47
0|300108|20190418|13.47
0|002403|20190418|13.38
0|002588|20190418|13.33
0|002309|20190418|12.98
0|300644|20190418|12.75
0|002688|20190418|12.75
0|000688|20190418|12.43
0|002290|20190418|12.39
0|002654|20190418|11.98
1|600195|20190418|11.83
0|300603|20190418|11.82
1|600461|20190418|11.50
1|600211|20190418|10.54
1|603021|20190418|10.13
0|002476|20190418|9.91
0|000548|20190418|9.39
0|300661|20190418|9.17
1|603829|20190418|9.07
0|000652|20190418|8.90
1|600628|20190418|8.50
0|300420|20190418|8.25
1|603819|20190418|8.25
1|603908|20190418|8.21
1|600370|20190418|7.90
1|603797|20190418|7.88
0|300151|20190418|7.72
1|603655|20190418|7.64
1|603133|20190418|7.55
0|002890|20190418|7.44
0|300288|20190418|7.31
1|603656|20190418|7.12
0|002520|20190418|5.89
1|603898|20190418|5.56
1|200012|20190418|5.16
1|900947|20190418|5.14
1|600007|20190418|4.94
1|603568|20190418|4.87
0|300334|20190418|4.79
1|201872|20190418|4.58
0|002058|20190418|4.55
0|000719|20190418|4.33
0|300520|20190418|4.31
1|603159|20190418|4.22
1|900942|20190418|3.91
1|900932|20190418|3.63
0|300030|20190418|3.55
0|002135|20190418|3.52
0|002173|20190418|3.51
1|600819|20190418|3.38
1|900915|20190418|3.25
0|300226|20190418|3.15
1|900913|20190418|2.88
0|300289|20190418|2.86
1|600723|20190418|2.41
1|900909|20190418|2.33
1|603866|20190418|2.13
1|900951|20190418|2.04
0|300015|20190418|1.52
0|300708|20190418|1.33
1|900934|20190418|1.29
1|603020|20190418|1.29
0|001965|20190418|1.26
0|300557|20190418|0.97
0|300150|20190418|0.93
0|002278|20190418|0.40
1|600593|20190418|0.25
0|000541|20190418|0.03
1|900929|20190418|0.02
1|900946|20190418|-0.19
0|002479|20190418|-0.24
1|900937|20190418|-0.59
1|900912|20190418|-0.60
0|002801|20190418|-0.61
1|200160|20190418|-0.65
1|600097|20190418|-0.78
1|601368|20190418|-0.78
0|300239|20190418|-0.90
1|603901|20190418|-1.15
1|900911|20190418|-1.28
1|603101|20190418|-1.48
0|300382|20190418|-1.82
1|900906|20190418|-2.01
1|900901|20190418|-2.08
1|900936|20190418|-2.12
0|002843|20190418|-2.26
0|002251|20190418|-2.43
1|900925|20190418|-2.45
1|900903|20190418|-2.49
1|900939|20190418|-2.63
1|601216|20190418|-2.65
1|900928|20190418|-2.89
1|900920|20190418|-2.93
1|603196|20190418|-2.98
1|900914|20190418|-3.02
1|900943|20190418|-3.04
0|300225|20190418|-3.33
1|600898|20190418|-3.51
0|300442|20190418|-3.79
1|200726|20190418|-3.93
1|900917|20190418|-3.96
1|603040|20190418|-4.05
0|300464|20190418|-4.40
1|601188|20190418|-4.41
0|300009|20190418|-4.51
0|300649|20190418|-4.60
0|002576|20190418|-4.80
1|603668|20190418|-5.54
0|000035|20190418|-5.95
1|600857|20190418|-6.03
0|002870|20190418|-6.11
0|002349|20190418|-6.35
1|600696|20190418|-6.37
0|300381|20190418|-6.53
1|600167|20190418|-6.58
1|603356|20190418|-6.77
0|000004|20190418|-6.80
0|002345|20190418|-7.03
1|900907|20190418|-7.27
1|603990|20190418|-7.44
1|900941|20190418|-7.52
1|200429|20190418|-7.90
1|603388|20190418|-7.97
0|300690|20190418|-8.56
0|002667|20190418|-8.68
1|603123|20190418|-9.05
0|300330|20190418|-9.73
0|300354|20190418|-10.20
1|900908|20190418|-10.21
0|300517|20190418|-10.59
0|300642|20190418|-10.66
1|900926|20190418|-10.80
1|603708|20190418|-10.89
1|600785|20190418|-11.25
1|600306|20190418|-11.53
0|002787|20190418|-11.54
1|603701|20190418|-11.60
0|000892|20190418|-11.86
0|300503|20190418|-12.09
1|600395|20190418|-12.83
1|200581|20190418|-12.84
1|900902|20190418|-12.94
1|200488|20190418|-13.21
0|300610|20190418|-13.26
0|002823|20190418|-13.29
1|603277|20190418|-13.37
0|002887|20190418|-13.38
1|900905|20190418|-13.54
1|601567|20190418|-13.58
0|300620|20190418|-13.70
1|600082|20190418|-13.75
1|600814|20190418|-14.02
0|000929|20190418|-14.47
0|002877|20190418|-14.75
1|600127|20190418|-14.95
1|603558|20190418|-15.15
1|600855|20190418|-15.18
1|600561|20190418|-15.39
1|603022|20190418|-15.44
0|002841|20190418|-15.48
1|600248|20190418|-15.72
1|603518|20190418|-15.74
1|600744|20190418|-15.80
1|600829|20190418|-16.17
1|600228|20190418|-16.44
1|600162|20190418|-16.72
1|603035|20190418|-17.41
0|002715|20190418|-17.84
1|603599|20190418|-17.91
1|600249|20190418|-17.92
0|002168|20190418|-17.98
0|300613|20190418|-18.60
1|603177|20190418|-18.75
1|603238|20190418|-18.92
1|600751|20190418|-19.44
0|002901|20190418|-19.58
0|002623|20190418|-19.85
1|603665|20190418|-20.09
0|300636|20190418|-20.57
1|601801|20190418|-20.72
0|000806|20190418|-20.87
0|300582|20190418|-20.88
1|603578|20190418|-20.99
0|000166|20190418|-21.13
1|600858|20190418|-21.22
1|603208|20190418|-21.35
1|603813|20190418|-21.67
0|300576|20190418|-22.25
0|300563|20190418|-22.35
0|300431|20190418|-22.47
0|002740|20190418|-22.75
0|300023|20190418|-22.82
1|200026|20190418|-22.89
1|603789|20190418|-23.42
0|002931|20190418|-23.57
0|300631|20190418|-25.06
1|603039|20190418|-25.20
0|300363|20190418|-25.64
1|600513|20190418|-25.69
0|002713|20190418|-25.78
1|200028|20190418|-25.94
0|002282|20190418|-26.22
1|600538|20190418|-26.26
0|002022|20190418|-27.19
0|002799|20190418|-27.24
0|300281|20190418|-27.31
0|300434|20190418|-27.43
1|600987|20190418|-27.56
0|002440|20190418|-27.66
0|002427|20190418|-28.08
1|600555|20190418|-28.11
1|600388|20190418|-28.13
1|600820|20190418|-28.42
0|000523|20190418|-28.42
1|603339|20190418|-28.55
0|002862|20190418|-28.70
0|300536|20190418|-28.82
1|603590|20190418|-29.21
1|600247|20190418|-29.57
1|603661|20190418|-29.83
0|300337|20190418|-30.97
1|200413|20190418|-31.01
1|603887|20190418|-31.16
1|603730|20190418|-31.45
0|300163|20190418|-31.55
0|002160|20190418|-31.76
0|300596|20190418|-31.89
0|002375|20190418|-31.95
1|603556|20190418|-31.97
1|600479|20190418|-32.56
0|002287|20190418|-32.89
0|300516|20190418|-32.98
0|002338|20190418|-33.02
0|000611|20190418|-33.08
0|300474|20190418|-33.30
1|603098|20190418|-33.52
1|600862|20190418|-34.06
0|000417|20190418|-34.15
0|002902|20190418|-34.69
1|603569|20190418|-34.72
0|300726|20190418|-34.86
0|300277|20190418|-35.04
0|002789|20190418|-35.50
0|002154|20190418|-35.58
1|600982|20190418|-36.25
0|300193|20190418|-36.40
0|002233|20190418|-36.41
1|603726|20190418|-36.52
1|600121|20190418|-36.73
1|603839|20190418|-36.94
0|002858|20190418|-36.99
0|000603|20190418|-37.10
0|300061|20190418|-37.23
1|600200|20190418|-37.49
1|600371|20190418|-37.52
1|600234|20190418|-37.57
1|603955|20190418|-38.27
1|603056|20190418|-38.64
1|603357|20190418|-38.68
1|603997|20190418|-39.06
1|603036|20190418|-39.51
0|000959|20190418|-39.77
0|002187|20190418|-40.21
1|603860|20190418|-40.41
1|900948|20190418|-40.49
0|300257|20190418|-40.55
0|300665|20190418|-40.81
1|603038|20190418|-40.83
0|300511|20190418|-40.90
0|002749|20190418|-41.33
0|002893|20190418|-41.46
0|000761|20190418|-41.66
1|603758|20190418|-41.86
1|603041|20190418|-41.95
0|002397|20190418|-41.96
1|600280|20190418|-41.98
0|002595|20190418|-42.03
0|002003|20190418|-42.17
0|300445|20190418|-42.21
0|300697|20190418|-42.49
0|002857|20190418|-43.24
1|600683|20190418|-43.25
1|600350|20190418|-43.34
0|002677|20190418|-43.40
1|603828|20190418|-43.71
0|300473|20190418|-43.90
0|002762|20190418|-44.18
1|600720|20190418|-44.35
1|600265|20190418|-44.36
0|300751|20190418|-44.47
1|600693|20190418|-44.51
0|002632|20190418|-44.65
0|300196|20190418|-44.78
0|000608|20190418|-45.25
0|300215|20190418|-45.67
1|603059|20190418|-45.87
1|603527|20190418|-46.21
1|603667|20190418|-46.29
0|002817|20190418|-46.29
0|002109|20190418|-46.29
0|300195|20190418|-46.40
0|002725|20190418|-46.55
0|002455|20190418|-46.80
0|002752|20190418|-47.02
0|300417|20190418|-47.08
1|603286|20190418|-47.28
0|000705|20190418|-47.50
0|300522|20190418|-47.56
0|000709|20190418|-47.62
0|002062|20190418|-47.76
1|603633|20190418|-48.07
0|300602|20190418|-48.34
1|600321|20190418|-48.43
1|603855|20190418|-48.52
0|002107|20190418|-48.69
1|603985|20190418|-48.84
1|603306|20190418|-48.92
1|600598|20190418|-49.02
0|002633|20190418|-49.24
0|000600|20190418|-49.67
1|600288|20190418|-49.68
0|000058|20190418|-49.80
0|002829|20190418|-50.33
0|300259|20190418|-50.76
0|300693|20190418|-50.81
1|600508|20190418|-51.56
1|600834|20190418|-51.96
0|000710|20190418|-52.22
1|200055|20190418|-52.29
0|002936|20190418|-52.56
0|000096|20190418|-52.60
1|600610|20190418|-52.64
1|600193|20190418|-52.64
1|603359|20190418|-52.74
0|300710|20190418|-53.53
0|002686|20190418|-53.81
0|300523|20190418|-53.96
1|600091|20190418|-53.97
1|600493|20190418|-54.53
1|600769|20190418|-54.66
1|600241|20190418|-54.85
0|300480|20190418|-55.10
0|300500|20190418|-55.99
0|300284|20190418|-56.12
1|600780|20190418|-56.94
0|300246|20190418|-57.08
0|000599|20190418|-57.46
0|002053|20190418|-57.63
1|601226|20190418|-57.63
1|603269|20190418|-57.75
1|603080|20190418|-58.28
1|603033|20190418|-58.30
1|603129|20190418|-58.52
1|603515|20190418|-58.94
1|601100|20190418|-59.00
1|600223|20190418|-59.07
1|600844|20190418|-59.24
1|600315|20190418|-59.59
0|002748|20190418|-59.81
1|603897|20190418|-60.08
1|603278|20190418|-60.27
0|300160|20190418|-60.37
1|603727|20190418|-60.60
0|300526|20190418|-60.62
0|000524|20190418|-60.88
0|300597|20190418|-61.18
0|300149|20190418|-61.23
0|300643|20190418|-61.30
1|603180|20190418|-61.66
0|002647|20190418|-62.50
1|600647|20190418|-62.58
0|300652|20190418|-63.02
1|603817|20190418|-63.47
1|603315|20190418|-63.70
1|601225|20190418|-63.71
0|300437|20190418|-64.39
0|002487|20190418|-64.55
0|002543|20190418|-64.78
0|002730|20190418|-65.47
1|600629|20190418|-65.52
1|603977|20190418|-65.61
0|002779|20190418|-65.73
0|300342|20190418|-66.03
1|603326|20190418|-66.13
0|002137|20190418|-66.33
1|600282|20190418|-66.34
1|603050|20190418|-66.44
0|002566|20190418|-66.64
1|603567|20190418|-66.79
0|002412|20190418|-66.85
0|300371|20190418|-66.98
1|603200|20190418|-67.20
0|000598|20190418|-67.38
0|002842|20190418|-67.69
1|603996|20190418|-67.99
1|600386|20190418|-68.11
1|603678|20190418|-68.28
0|300047|20190418|-68.30
1|601208|20190418|-68.47
1|603988|20190418|-68.59
0|002777|20190418|-68.70
0|002884|20190418|-68.74
0|300715|20190418|-69.02
0|300659|20190418|-69.26
0|002853|20190418|-69.47
1|603976|20190418|-69.67
0|000631|20190418|-69.98
0|300653|20190418|-69.98
0|002728|20190418|-70.08
0|300307|20190418|-70.32
1|603199|20190418|-70.38
0|300721|20190418|-70.61
1|600549|20190418|-71.78
0|300488|20190418|-72.15
1|601579|20190418|-72.33
1|603011|20190418|-72.39
0|002827|20190418|-73.10
0|300639|20190418|-73.40
0|002612|20190418|-74.20
0|300499|20190418|-74.39
1|603025|20190418|-74.94
1|601107|20190418|-76.28
0|000820|20190418|-76.44
1|603416|20190418|-76.49
1|603106|20190418|-77.10
1|600505|20190418|-77.50
0|300218|20190418|-77.56
1|603116|20190418|-77.85
0|000657|20190418|-77.92
1|603869|20190418|-78.11
0|300668|20190418|-78.31
1|603268|20190418|-78.39
0|002790|20190418|-78.51
1|603991|20190418|-78.56
1|600966|20190418|-78.57
1|200418|20190418|-78.82
0|000932|20190418|-78.90
0|002362|20190418|-78.93
1|603757|20190418|-78.95
1|603818|20190418|-79.29
1|603078|20190418|-79.51
0|002756|20190418|-79.57
1|603663|20190418|-79.87
0|002540|20190418|-80.19
1|601968|20190418|-80.24
1|600059|20190418|-80.39
1|600419|20190418|-80.79
0|002820|20190418|-80.82
1|600067|20190418|-81.61
0|300738|20190418|-81.61
1|600582|20190418|-81.69
0|002778|20190418|-82.24
0|002785|20190418|-82.29
0|002724|20190418|-82.41
1|603003|20190418|-82.99
1|600400|20190418|-83.19
1|603225|20190418|-83.60
0|000601|20190418|-83.89
1|603928|20190418|-84.09
0|300624|20190418|-84.67
0|000915|20190418|-84.81
1|600326|20190418|-84.87
0|002615|20190418|-84.99
1|600724|20190418|-85.07
0|002791|20190418|-85.10
0|000783|20190418|-85.35
1|603566|20190418|-85.42
1|603889|20190418|-85.64
1|600590|20190418|-85.81
0|300599|20190418|-85.96
0|300314|20190418|-86.00
0|000972|20190418|-86.05
0|002361|20190418|-86.45
0|002153|20190418|-86.86
0|000885|20190418|-86.94
0|300092|20190418|-87.20
0|300615|20190418|-87.29
0|300390|20190418|-87.82
0|000679|20190418|-88.02
0|300374|20190418|-88.15
0|300548|20190418|-88.18
0|300581|20190418|-88.30
1|603696|20190418|-88.35
0|002490|20190418|-88.87
1|603316|20190418|-88.92
1|603031|20190418|-88.97
0|002911|20190418|-89.52
1|600488|20190418|-89.75
0|000028|20190418|-89.96
1|603386|20190418|-90.01
0|000813|20190418|-90.01
0|002837|20190418|-90.55
1|603016|20190418|-90.67
0|002324|20190418|-90.76
1|600575|20190418|-90.96
1|600355|20190418|-91.19
0|002406|20190418|-91.70
1|600231|20190418|-91.75
1|600558|20190418|-92.10
0|300399|20190418|-92.13
0|002347|20190418|-92.89
1|600320|20190418|-93.04
0|002922|20190418|-93.36
0|002849|20190418|-93.71
1|603608|20190418|-94.24
1|603533|20190418|-94.90
1|603222|20190418|-95.20
0|002826|20190418|-95.26
0|300617|20190418|-95.28
0|002860|20190418|-95.51
1|600129|20190418|-95.56
1|601616|20190418|-95.74
0|000779|20190418|-96.81
0|002561|20190418|-96.88
0|002308|20190418|-97.13
0|002880|20190418|-97.40
0|300043|20190418|-98.31
1|600317|20190418|-98.34
0|300687|20190418|-98.60
1|601500|20190418|-98.79
1|600616|20190418|-99.07
0|002909|20190418|-99.67
1|603385|20190418|-99.75
0|002873|20190418|-99.99
1|601766|20190418|-100.51
0|002301|20190418|-100.61
1|601137|20190418|-100.85
0|300625|20190418|-100.88
0|300619|20190418|-101.19
1|603477|20190418|-101.63
0|002879|20190418|-101.66
1|600684|20190418|-101.76
0|002293|20190418|-101.76
0|002393|20190418|-101.91
0|000708|20190418|-101.99
0|002394|20190418|-102.18
0|300155|20190418|-102.26
0|300541|20190418|-102.93
1|603779|20190418|-103.11
0|300313|20190418|-103.15
0|300252|20190418|-103.21
0|002329|20190418|-103.23
0|002211|20190418|-103.26
0|000017|20190418|-103.55
1|601636|20190418|-103.58
0|300505|20190418|-103.90
1|603028|20190418|-103.97
0|000628|20190418|-104.01
0|002521|20190418|-104.12
1|603728|20190418|-104.31
1|603081|20190418|-104.32
1|600658|20190418|-104.70
1|603387|20190418|-104.90
0|002033|20190418|-105.21
1|600605|20190418|-105.28
1|600346|20190418|-105.29
0|000501|20190418|-105.44
1|603926|20190418|-105.75
0|002915|20190418|-105.92
0|300490|20190418|-106.28
0|002473|20190418|-107.00
1|600055|20190418|-107.52
1|600551|20190418|-107.54
0|300555|20190418|-107.64
0|002802|20190418|-107.66
1|603918|20190418|-107.89
1|600301|20190418|-107.95
1|600662|20190418|-108.11
1|200625|20190418|-108.28
0|002184|20190418|-108.74
1|603585|20190418|-109.68
1|600827|20190418|-110.05
0|002830|20190418|-110.24
0|000421|20190418|-110.31
0|002486|20190418|-111.85
1|603398|20190418|-112.97
0|002014|20190418|-113.01
1|600768|20190418|-113.36
0|300197|20190418|-113.38
1|603229|20190418|-113.81
0|300395|20190418|-114.28
0|300038|20190418|-114.38
0|300270|20190418|-114.44
0|002810|20190418|-114.66
1|600327|20190418|-114.94
0|002489|20190418|-115.06
1|601811|20190418|-115.22
1|603158|20190418|-115.44
1|600565|20190418|-115.56
1|603330|20190418|-115.79
0|000613|20190418|-115.90
0|002331|20190418|-116.19
0|002248|20190418|-116.38
0|300482|20190418|-116.68
0|000889|20190418|-116.79
1|603811|20190418|-116.88
1|603900|20190418|-116.88
1|600961|20190418|-117.21
0|300200|20190418|-117.40
1|601179|20190418|-118.80
0|002200|20190418|-118.83
1|603060|20190418|-119.12
1|603178|20190418|-119.16
1|600070|20190418|-119.56
1|601117|20190418|-119.75
0|300556|20190418|-120.22
0|300662|20190418|-120.80
1|600120|20190418|-121.26
1|603166|20190418|-121.60
1|603321|20190418|-121.61
0|002165|20190418|-121.78
0|000430|20190418|-122.14
1|603136|20190418|-122.43
0|000821|20190418|-123.73
1|600429|20190418|-124.07
1|603516|20190418|-126.20
0|002150|20190418|-126.24
0|300209|20190418|-126.36
1|603595|20190418|-126.69
0|300452|20190418|-128.17
0|002515|20190418|-128.21
0|002908|20190418|-128.32
1|603657|20190418|-129.46
1|601518|20190418|-130.41
0|000755|20190418|-131.19
1|600909|20190418|-131.25
0|300633|20190418|-131.40
0|000948|20190418|-131.56
1|600545|20190418|-131.71
0|300004|20190418|-131.74
1|603019|20190418|-132.47
0|300540|20190418|-132.54
0|002876|20190418|-133.04
1|601003|20190418|-133.13
0|300656|20190418|-133.39
1|600149|20190418|-133.47
0|002144|20190418|-134.59
1|600665|20190418|-134.61
1|603010|20190418|-134.64
0|002275|20190418|-134.94
0|300554|20190418|-135.16
1|603030|20190418|-135.31
1|603308|20190418|-135.67
1|600246|20190418|-135.68
0|300405|20190418|-135.88
0|002416|20190418|-136.00
1|600300|20190418|-136.87
1|603110|20190418|-136.91
0|300648|20190418|-137.06
1|600608|20190418|-137.12
0|300046|20190418|-137.24
1|600510|20190418|-137.26
0|002084|20190418|-137.43
0|002119|20190418|-139.07
0|300514|20190418|-140.05
0|300592|20190418|-140.06
0|300412|20190418|-140.11
0|300461|20190418|-140.13
0|300696|20190418|-140.36
0|002419|20190418|-140.90
0|300681|20190418|-141.27
0|300005|20190418|-141.33
0|002896|20190418|-141.68
0|002825|20190418|-141.73
0|000529|20190418|-143.35
1|600563|20190418|-143.72
1|603333|20190418|-143.95
0|300419|20190418|-144.25
1|600117|20190418|-144.56
1|600428|20190418|-144.67
1|600694|20190418|-144.81
0|300235|20190418|-145.03
1|603861|20190418|-145.56
1|600399|20190418|-145.61
1|601010|20190418|-145.72
1|600706|20190418|-146.26
0|000698|20190418|-146.63
1|603536|20190418|-147.14
0|002574|20190418|-147.18
0|002605|20190418|-147.21
0|000638|20190418|-147.40
1|603006|20190418|-147.41
0|002653|20190418|-147.76
0|000732|20190418|-149.09
0|300655|20190418|-149.33
0|000032|20190418|-149.45
0|000659|20190418|-149.62
1|600550|20190418|-149.69
0|000068|20190418|-149.73
1|600603|20190418|-150.14
1|600781|20190418|-150.17
0|002614|20190418|-150.73
0|000926|20190418|-150.75
1|603596|20190418|-150.98
0|300476|20190418|-151.92
1|600397|20190418|-152.70
0|002493|20190418|-152.77
1|600051|20190418|-152.86
1|600391|20190418|-153.58
0|002533|20190418|-153.70
1|600262|20190418|-154.03
1|600843|20190418|-155.44
0|002598|20190418|-156.22
0|300403|20190418|-156.56
0|002141|20190418|-156.63
1|600793|20190418|-156.70
0|002553|20190418|-156.72
1|600290|20190418|-156.83
1|600890|20190418|-157.03
1|603616|20190418|-158.96
0|000502|20190418|-159.34
1|603168|20190418|-159.81
1|603882|20190418|-160.65
0|002284|20190418|-160.81
1|600983|20190418|-160.83
0|300341|20190418|-160.88
0|002765|20190418|-160.93
1|603611|20190418|-161.00
0|002822|20190418|-161.10
1|600169|20190418|-161.46
1|601882|20190418|-161.79
0|002597|20190418|-162.57
0|002833|20190418|-162.70
0|300221|20190418|-162.73
1|600358|20190418|-162.74
0|300147|20190418|-162.94
0|002627|20190418|-163.04
0|002616|20190418|-163.07
0|300622|20190418|-163.24
1|600766|20190418|-163.39
1|600960|20190418|-163.67
0|002039|20190418|-164.05
0|300081|20190418|-164.09
0|000617|20190418|-164.23
0|002737|20190418|-164.44
0|002788|20190418|-164.55
0|002216|20190418|-164.65
0|002695|20190418|-165.25
1|603713|20190418|-165.53
1|603283|20190418|-165.88
0|002771|20190418|-166.08
1|603987|20190418|-166.38
1|603825|20190418|-166.56
1|603301|20190418|-166.61
0|300124|20190418|-167.07
0|300719|20190418|-167.13
0|300441|20190418|-167.13
0|300588|20190418|-167.50
1|601689|20190418|-167.84
0|002692|20190418|-167.96
0|002809|20190418|-168.24
1|603227|20190418|-168.36
1|600158|20190418|-169.45
0|002438|20190418|-169.85
0|002134|20190418|-170.28
0|300485|20190418|-170.41
0|002780|20190418|-170.59
0|300109|20190418|-170.65
0|300422|20190418|-170.98
1|600824|20190418|-171.20
0|000571|20190418|-171.33
0|300628|20190418|-171.41
0|300678|20190418|-171.52
0|002240|20190418|-172.00
1|601969|20190418|-172.71
0|000042|20190418|-172.76
0|000049|20190418|-172.99
0|002043|20190418|-173.01
1|603506|20190418|-173.57
1|601900|20190418|-173.67
1|600655|20190418|-173.81
0|300515|20190418|-173.86
0|000801|20190418|-174.15
0|000020|20190418|-174.33
0|002507|20190418|-174.49
0|300077|20190418|-175.08
0|002690|20190418|-175.43
1|600469|20190418|-175.45
0|002291|20190418|-175.57
0|002795|20190418|-175.68
1|603737|20190418|-175.74
0|002513|20190418|-175.85
0|300338|20190418|-176.16
0|000880|20190418|-176.28
0|002159|20190418|-176.61
0|300320|20190418|-177.12
1|603332|20190418|-177.32
0|300205|20190418|-177.39
1|600287|20190418|-178.32
0|300739|20190418|-178.33
0|000428|20190418|-178.69
1|600539|20190418|-178.80
1|600535|20190418|-178.87
0|300569|20190418|-179.64
0|300183|20190418|-179.90
0|000429|20190418|-180.11
1|601599|20190418|-180.21
1|600072|20190418|-180.45
1|600730|20190418|-180.56
1|600283|20190418|-180.86
0|000059|20190418|-181.70
1|601828|20190418|-181.82
0|000919|20190418|-181.85
0|300667|20190418|-182.48
1|600235|20190418|-182.98
1|603319|20190418|-183.48
0|002208|20190418|-183.81
1|603348|20190418|-184.14
0|002738|20190418|-184.40
0|300519|20190418|-184.44
0|002114|20190418|-184.46
1|603970|20190418|-184.50
0|000619|20190418|-184.58
0|002584|20190418|-184.66
0|300112|20190418|-184.70
1|601177|20190418|-185.03
0|300219|20190418|-185.42
1|600746|20190418|-185.99
1|601992|20190418|-186.01
1|600261|20190418|-186.85
1|603126|20190418|-187.24
0|300671|20190418|-187.65
0|300683|20190418|-187.90
0|002122|20190418|-188.40
1|600339|20190418|-188.60
1|600307|20190418|-188.68
0|002295|20190418|-189.14
0|300242|20190418|-189.68
1|600721|20190418|-189.70
0|000007|20190418|-190.94
1|603717|20190418|-191.09
1|603328|20190418|-191.49
1|603189|20190418|-191.74
0|300391|20190418|-191.84
0|300269|20190418|-191.85
0|300439|20190418|-192.51
0|000551|20190418|-192.96
0|002559|20190418|-193.28
1|600362|20190418|-194.45
0|002225|20190418|-195.00
1|600679|20190418|-195.26
1|601158|20190418|-195.36
0|000504|20190418|-195.99
1|600269|20190418|-196.37
0|300380|20190418|-196.87
1|603012|20190418|-197.17
1|601021|20190418|-197.61
0|000037|20190418|-197.90
1|603630|20190418|-198.10
1|600284|20190418|-198.44
0|300699|20190418|-198.50
0|002037|20190418|-198.80
1|600173|20190418|-198.92
0|300549|20190418|-199.19
1|600137|20190418|-199.74
0|000605|20190418|-200.51
0|300446|20190418|-200.71
0|002592|20190418|-200.98
0|300672|20190418|-200.98
0|000899|20190418|-201.76
1|600403|20190418|-202.30
0|002883|20190418|-202.31
1|600828|20190418|-202.34
0|300210|20190418|-202.53
0|300691|20190418|-204.10
0|300127|20190418|-204.89
1|603607|20190418|-205.85
0|002332|20190418|-206.48
0|300635|20190418|-206.53
0|300658|20190418|-206.57
0|300722|20190418|-206.70
1|603018|20190418|-206.82
0|002021|20190418|-207.07
0|000023|20190418|-207.31
0|002634|20190418|-207.52
0|002774|20190418|-207.60
1|600649|20190418|-207.88
0|000048|20190418|-207.97
1|600073|20190418|-208.11
1|601038|20190418|-208.46
0|300286|20190418|-208.57
0|002824|20190418|-208.70
0|002864|20190418|-210.63
0|000557|20190418|-210.78
0|002112|20190418|-210.82
0|300532|20190418|-211.30
0|300483|20190418|-212.41
0|300278|20190418|-212.92
1|603338|20190418|-213.35
1|600743|20190418|-213.48
0|000777|20190418|-213.73
0|002671|20190418|-213.78
0|300479|20190418|-215.11
1|600333|20190418|-215.68
0|300567|20190418|-215.72
0|002360|20190418|-216.07
1|600156|20190418|-216.33
1|601012|20190418|-216.51
1|600965|20190418|-216.89
0|002698|20190418|-216.89
0|002927|20190418|-217.02
0|300608|20190418|-218.87
0|300393|20190418|-219.39
1|601952|20190418|-219.75
0|002206|20190418|-219.83
1|600376|20190418|-220.02
0|300491|20190418|-220.02
1|601611|20190418|-220.17
1|603937|20190418|-220.36
0|300650|20190418|-220.53
0|002943|20190418|-221.56
1|600594|20190418|-222.10
1|600232|20190418|-222.52
0|300566|20190418|-222.74
0|000411|20190418|-223.09
0|300013|20190418|-223.44
0|002641|20190418|-224.04
1|600499|20190418|-224.13
1|601588|20190418|-224.62
1|601007|20190418|-224.90
1|601717|20190418|-225.99
0|000505|20190418|-226.12
0|000949|20190418|-226.49
1|603706|20190418|-226.53
0|000923|20190418|-226.71
0|002812|20190418|-226.97
0|000685|20190418|-227.02
1|600303|20190418|-227.09
0|300559|20190418|-227.12
0|000895|20190418|-228.50
1|600496|20190418|-228.80
1|603999|20190418|-228.81
1|600845|20190418|-229.44
0|002244|20190418|-230.16
1|603603|20190418|-230.51
1|600037|20190418|-230.60
0|300443|20190418|-230.71
1|600313|20190418|-231.17
0|000752|20190418|-231.78
1|600985|20190418|-232.26
1|603220|20190418|-232.70
1|603658|20190418|-232.78
0|002560|20190418|-232.92
0|300180|20190418|-233.09
0|000585|20190418|-233.24
0|002272|20190418|-234.71
1|600463|20190418|-234.85
0|000848|20190418|-234.90
1|603165|20190418|-234.93
1|603559|20190418|-235.07
0|002921|20190418|-235.26
0|000543|20190418|-235.43
1|603005|20190418|-235.50
0|002076|20190418|-235.57
1|601808|20190418|-237.09
0|300531|20190418|-237.18
0|300546|20190418|-237.19
1|603466|20190418|-237.81
1|600470|20190418|-238.95
0|002066|20190418|-239.76
0|300066|20190418|-240.33
1|603960|20190418|-240.47
0|002637|20190418|-241.08
1|600012|20190418|-241.12
1|603077|20190418|-241.13
0|002719|20190418|-241.76
0|300641|20190418|-242.09
1|603768|20190418|-242.58
1|603856|20190418|-242.75
0|300472|20190418|-242.86
0|300146|20190418|-243.96
0|002682|20190418|-244.99
1|601669|20190418|-245.05
1|603871|20190418|-246.52
0|002696|20190418|-247.04
1|600990|20190418|-247.35
1|603507|20190418|-247.49
0|002409|20190418|-247.57
0|002382|20190418|-248.13
0|000635|20190418|-248.86
0|000573|20190418|-249.09
0|000530|20190418|-250.35
1|600836|20190418|-250.42
1|603161|20190418|-250.68
1|603167|20190418|-250.72
0|002483|20190418|-251.12
1|600795|20190418|-251.38
0|002335|20190418|-251.51
1|600589|20190418|-251.56
1|603809|20190418|-251.68
0|000908|20190418|-252.81
0|000767|20190418|-253.14
0|002928|20190418|-253.20
0|300449|20190418|-253.22
1|600761|20190418|-253.26
0|002708|20190418|-253.43
0|002423|20190418|-254.01
0|002346|20190418|-254.64
1|600295|20190418|-254.75
1|600993|20190418|-255.62
0|300455|20190418|-256.48
0|300424|20190418|-256.77
0|300735|20190418|-256.94
0|002621|20190418|-258.17
0|002121|20190418|-258.24
0|002751|20190418|-259.29
1|601127|20190418|-259.33
1|600477|20190418|-259.68
0|300616|20190418|-259.92
0|002026|20190418|-260.67
1|600704|20190418|-261.15
1|600687|20190418|-261.40
1|600475|20190418|-261.54
0|000062|20190418|-261.86
0|300306|20190418|-261.99
0|002235|20190418|-263.21
0|300651|20190418|-263.25
0|002767|20190418|-263.40
1|603587|20190418|-263.72
0|002586|20190418|-265.39
0|002435|20190418|-266.00
0|000402|20190418|-266.35
0|300131|20190418|-266.37
0|300201|20190418|-267.41
0|300185|20190418|-267.65
1|603528|20190418|-267.78
0|300411|20190418|-268.24
1|603079|20190418|-268.53
1|601028|20190418|-268.77
0|002499|20190418|-270.79
1|600101|20190418|-271.71
1|600995|20190418|-271.74
1|603303|20190418|-272.41
0|300504|20190418|-273.00
0|000045|20190418|-273.65
1|600634|20190418|-273.65
1|600713|20190418|-273.80
1|600420|20190418|-274.72
0|002238|20190418|-274.75
0|002020|20190418|-274.77
0|000726|20190418|-274.86
0|000965|20190418|-275.33
0|300612|20190418|-276.04
0|300223|20190418|-276.08
1|600791|20190418|-276.31
0|000828|20190418|-276.39
1|601996|20190418|-276.45
1|603214|20190418|-277.06
0|002735|20190418|-277.21
1|600657|20190418|-277.21
1|600851|20190418|-277.39
1|600992|20190418|-277.81
1|603966|20190418|-278.22
0|002354|20190418|-278.43
1|600226|20190418|-278.79
0|300486|20190418|-278.97
1|600415|20190418|-279.08
0|000797|20190418|-279.72
1|603156|20190418|-279.73
1|600891|20190418|-279.91
0|300054|20190418|-280.01
0|300344|20190418|-280.27
1|600753|20190418|-280.27
0|300448|20190418|-280.95
1|600642|20190418|-280.96
1|603138|20190418|-281.12
0|000061|20190418|-281.71
1|600255|20190418|-281.94
0|300262|20190418|-282.26
0|002280|20190418|-282.34
1|600343|20190418|-282.76
0|002045|20190418|-283.78
1|603058|20190418|-284.21
0|300275|20190418|-284.34
0|300129|20190418|-284.56
0|300222|20190418|-284.69
1|603429|20190418|-285.08
0|300702|20190418|-285.71
0|002199|20190418|-285.72
1|603978|20190418|-287.95
0|300410|20190418|-288.52
0|002104|20190418|-288.70
1|600619|20190418|-288.77
0|300512|20190418|-289.20
1|600387|20190418|-289.30
0|002900|20190418|-290.64
0|300097|20190418|-291.04
1|603725|20190418|-292.28
0|300507|20190418|-293.05
1|603659|20190418|-293.54
0|300435|20190418|-293.84
0|000909|20190418|-294.13
1|603920|20190418|-295.66
1|600187|20190418|-295.82
1|601005|20190418|-296.08
1|603666|20190418|-296.86
1|603233|20190418|-297.29
0|002036|20190418|-297.97
0|002591|20190418|-298.00
0|002470|20190418|-299.50
0|300169|20190418|-300.10
0|002322|20190418|-300.14
0|000902|20190418|-300.75
0|002932|20190418|-301.40
0|300695|20190418|-302.07
0|300052|20190418|-303.96
1|603676|20190418|-304.10
0|300279|20190418|-304.35
0|000090|20190418|-304.38
1|600681|20190418|-304.50
0|300331|20190418|-304.84
0|002691|20190418|-305.13
1|603105|20190418|-305.17
0|002551|20190418|-305.19
0|000518|20190418|-305.90
1|600707|20190418|-306.05
1|601020|20190418|-306.20
0|002404|20190418|-306.24
0|002763|20190418|-306.61
1|601928|20190418|-307.36
0|300539|20190418|-308.00
1|600639|20190418|-308.15
1|603690|20190418|-308.69
0|000561|20190418|-310.19
1|603718|20190418|-310.37
0|000410|20190418|-310.39
1|600206|20190418|-310.69
0|000727|20190418|-310.88
0|300260|20190418|-310.95
1|600520|20190418|-311.37
0|000883|20190418|-311.46
0|002516|20190418|-312.08
1|600268|20190418|-312.57
1|603939|20190418|-313.33
0|002527|20190418|-313.65
0|002367|20190418|-314.43
1|603979|20190418|-314.53
1|600817|20190418|-315.95
0|300506|20190418|-315.98
0|002453|20190418|-316.02
0|300585|20190418|-316.11
0|002933|20190418|-316.31
1|600161|20190418|-317.15
1|600697|20190418|-317.33
0|002835|20190418|-317.73
0|300451|20190418|-317.92
1|603013|20190418|-317.96
1|600310|20190418|-319.01
0|000520|20190418|-319.20
0|300727|20190418|-319.97
1|600732|20190418|-321.48
0|000010|20190418|-321.82
0|300247|20190418|-322.04
0|300237|20190418|-322.28
1|600365|20190418|-322.79
0|002845|20190418|-323.49
1|603917|20190418|-323.90
1|600663|20190418|-324.25
0|300731|20190418|-324.37
1|603131|20190418|-324.92
0|002808|20190418|-326.67
1|600731|20190418|-326.95
0|002052|20190418|-327.43
0|002917|20190418|-328.23
0|002599|20190418|-328.38
1|600548|20190418|-328.50
1|600727|20190418|-328.60
0|300717|20190418|-328.68
1|600959|20190418|-328.68
0|002136|20190418|-329.28
0|000987|20190418|-329.46
0|002871|20190418|-329.73
0|002379|20190418|-330.31
0|000633|20190418|-330.64
1|600163|20190418|-333.17
1|600033|20190418|-333.25
1|600870|20190418|-333.41
0|002161|20190418|-333.74
0|002253|20190418|-333.80
0|300220|20190418|-334.04
1|603399|20190418|-334.25
0|300763|20190418|-334.86
1|600767|20190418|-335.34
0|002392|20190418|-335.52
1|600615|20190418|-335.62
0|002478|20190418|-336.60
1|600698|20190418|-338.00
0|300212|20190418|-338.33
0|000026|20190418|-338.51
0|000668|20190418|-338.58
1|603669|20190418|-339.67
0|300119|20190418|-340.86
0|300607|20190418|-340.92
1|603989|20190418|-342.03
1|600678|20190418|-342.53
0|300042|20190418|-342.88
0|002661|20190418|-344.64
0|002145|20190418|-345.36
1|600103|20190418|-345.49
0|002133|20190418|-346.39
1|603017|20190418|-346.63
1|600183|20190418|-347.64
0|002542|20190418|-348.15
0|002658|20190418|-348.76
0|002905|20190418|-349.00
0|300326|20190418|-349.48
0|300518|20190418|-349.70
0|300095|20190418|-350.14
1|600023|20190418|-350.18
1|600382|20190418|-350.23
0|002350|20190418|-350.23
1|601919|20190418|-351.15
1|600483|20190418|-351.18
0|002684|20190418|-351.18
1|600613|20190418|-352.43
0|000526|20190418|-352.79
0|300327|20190418|-353.17
1|603787|20190418|-353.53
0|300360|20190418|-353.83
0|300742|20190418|-354.58
0|002828|20190418|-354.65
1|600354|20190418|-354.81
1|600755|20190418|-354.95
1|600389|20190418|-356.47
0|000971|20190418|-356.64
1|600638|20190418|-358.28
0|002413|20190418|-358.65
0|300126|20190418|-359.90
1|600873|20190418|-360.63
1|603396|20190418|-361.50
1|601872|20190418|-361.56
0|002344|20190418|-361.78
1|603309|20190418|-363.31
0|002255|20190418|-364.88
0|002660|20190418|-365.76
0|300256|20190418|-366.69
1|603169|20190418|-367.38
0|002444|20190418|-367.45
1|600439|20190418|-367.89
1|601718|20190418|-368.11
0|300373|20190418|-368.12
1|600476|20190418|-368.88
1|603722|20190418|-369.00
1|603612|20190418|-369.03
0|300440|20190418|-369.71
0|000012|20190418|-370.04
0|002840|20190418|-370.82
0|002872|20190418|-371.33
1|600186|20190418|-373.18
1|603680|20190418|-374.67
0|002342|20190418|-374.98
1|600285|20190418|-376.36
0|000553|20190418|-377.72
1|600054|20190418|-377.92
0|300285|20190418|-377.96
1|603188|20190418|-378.15
0|300423|20190418|-378.71
1|600859|20190418|-379.01
0|002433|20190418|-379.33
1|601098|20190418|-379.36
1|603686|20190418|-379.43
0|002103|20190418|-381.78
1|603367|20190418|-381.81
0|002947|20190418|-382.24
1|600573|20190418|-383.63
0|002169|20190418|-384.23
0|002464|20190418|-385.75
1|603707|20190418|-386.91
0|001896|20190418|-388.71
0|002306|20190418|-388.80
0|000158|20190418|-389.01
0|002372|20190418|-389.54
1|603197|20190418|-390.09
0|002526|20190418|-391.69
0|300158|20190418|-392.35
0|300640|20190418|-393.67
0|002357|20190418|-394.09
0|300593|20190418|-396.52
0|300478|20190418|-397.21
0|000973|20190418|-397.75
0|300190|20190418|-397.95
1|600480|20190418|-398.24
0|000027|20190418|-398.58
1|600189|20190418|-398.62
1|600929|20190418|-398.64
0|002602|20190418|-398.87
0|002079|20190418|-398.89
1|601908|20190418|-399.39
0|300685|20190418|-399.43
1|600778|20190418|-399.45
1|603027|20190418|-399.57
1|600735|20190418|-399.72
1|601106|20190418|-401.00
0|002644|20190418|-401.82
1|600675|20190418|-402.83
0|000707|20190418|-403.33
1|603090|20190418|-403.59
1|600734|20190418|-403.68
0|300450|20190418|-404.39
0|300291|20190418|-404.46
0|002656|20190418|-404.78
0|300140|20190418|-405.48
0|000655|20190418|-406.89
1|600113|20190418|-407.32
0|000785|20190418|-407.92
0|000751|20190418|-408.05
1|600980|20190418|-408.26
1|600190|20190418|-409.36
0|300375|20190418|-410.35
0|002907|20190418|-410.75
0|000559|20190418|-412.06
0|300082|20190418|-412.14
0|002611|20190418|-412.74
0|002772|20190418|-413.42
1|600500|20190418|-413.79
0|002878|20190418|-413.81
1|601677|20190418|-414.00
0|300543|20190418|-414.91
0|300121|20190418|-415.07
1|600537|20190418|-416.31
1|603183|20190418|-417.41
0|300002|20190418|-417.76
1|600159|20190418|-418.23
0|002031|20190418|-419.55
0|002401|20190418|-419.75
0|000985|20190418|-419.93
0|300680|20190418|-420.66
0|300040|20190418|-421.58
1|603045|20190418|-422.41
1|603689|20190418|-424.67
0|002706|20190418|-424.81
1|600833|20190418|-425.72
1|601113|20190418|-426.12
0|002848|20190418|-426.16
1|603179|20190418|-426.59
0|000711|20190418|-427.49
0|002365|20190418|-427.70
0|300319|20190418|-427.90
0|300425|20190418|-428.25
1|600236|20190418|-429.45
0|000627|20190418|-430.15
1|600885|20190418|-430.33
1|600790|20190418|-430.67
1|600256|20190418|-430.73
0|002852|20190418|-431.50
1|600208|20190418|-431.70
0|002589|20190418|-431.86
1|600345|20190418|-431.86
0|300647|20190418|-432.19
1|603619|20190418|-432.34
1|600894|20190418|-434.30
0|300135|20190418|-434.48
0|002918|20190418|-434.93
0|300206|20190418|-435.07
0|002319|20190418|-435.26
0|002813|20190418|-435.27
1|600998|20190418|-435.70
1|603822|20190418|-435.94
0|002712|20190418|-436.13
0|002421|20190418|-437.75
0|300076|20190418|-438.50
0|300604|20190418|-439.01
0|002889|20190418|-439.07
0|000009|20190418|-439.10
0|002377|20190418|-442.59
1|603679|20190418|-443.32
0|000533|20190418|-444.62
0|300254|20190418|-445.00
0|000513|20190418|-445.50
1|603288|20190418|-445.51
1|603922|20190418|-445.70
0|002325|20190418|-445.86
0|002328|20190418|-446.27
0|002023|20190418|-446.60
1|600830|20190418|-447.00
1|600433|20190418|-447.88
1|601126|20190418|-447.99
1|600602|20190418|-448.62
1|603618|20190418|-449.65
0|300737|20190418|-449.90
1|601898|20190418|-450.47
0|300468|20190418|-450.57
0|000952|20190418|-450.65
0|300101|20190418|-450.90
1|600148|20190418|-451.67
1|601788|20190418|-451.95
1|600798|20190418|-451.95
1|603896|20190418|-452.81
1|600588|20190418|-453.22
0|000558|20190418|-454.42
0|002495|20190418|-454.61
0|300438|20190418|-454.71
0|000737|20190418|-454.86
1|603733|20190418|-455.04
0|000852|20190418|-456.91
0|002339|20190418|-457.42
1|600052|20190418|-458.67
1|600719|20190418|-458.77
1|603636|20190418|-459.29
0|000913|20190418|-460.77
1|603157|20190418|-462.27
0|300032|20190418|-462.35
0|002923|20190418|-462.55
0|300547|20190418|-462.96
0|300031|20190418|-464.42
1|600506|20190418|-464.50
0|300386|20190418|-465.11
0|002258|20190418|-465.50
1|603351|20190418|-465.61
1|603505|20190418|-465.70
1|603358|20190418|-465.85
0|300429|20190418|-468.91
0|002151|20190418|-468.96
0|000976|20190418|-469.06
1|600552|20190418|-469.49
0|300102|20190418|-469.76
0|000886|20190418|-470.13
1|600765|20190418|-470.23
0|300276|20190418|-470.59
0|000890|20190418|-471.09
0|002659|20190418|-471.43
0|300192|20190418|-472.56
0|300333|20190418|-472.63
0|000731|20190418|-472.68
0|300718|20190418|-473.52
0|002940|20190418|-474.31
0|002337|20190418|-474.40
0|002011|20190418|-475.42
1|600481|20190418|-475.84
1|600962|20190418|-476.14
1|603969|20190418|-476.76
0|002564|20190418|-476.93
1|600112|20190418|-477.19
1|600860|20190418|-478.31
1|600996|20190418|-478.33
0|002383|20190418|-478.51
1|601118|20190418|-480.21
0|002312|20190418|-481.44
0|002459|20190418|-481.84
0|002657|20190418|-482.30
0|000576|20190418|-482.44
0|002687|20190418|-482.49
1|603289|20190418|-483.16
1|600626|20190418|-483.88
1|600058|20190418|-485.09
1|601619|20190418|-485.65
0|002443|20190418|-486.31
0|002417|20190418|-486.34
0|000046|20190418|-486.48
0|002494|20190418|-486.58
0|002315|20190418|-487.11
1|601388|20190418|-487.11
1|603776|20190418|-488.10
0|002442|20190418|-488.58
0|300394|20190418|-488.79
1|600165|20190418|-489.16
0|002636|20190418|-489.62
1|601330|20190418|-489.87
1|603185|20190418|-490.65
0|002432|20190418|-490.93
0|002726|20190418|-492.43
1|600021|20190418|-492.63
0|300105|20190418|-492.67
1|601339|20190418|-493.63
0|002034|20190418|-494.02
0|002675|20190418|-494.10
0|300167|20190418|-494.25
1|600742|20190418|-494.55
0|002414|20190418|-494.96
0|300465|20190418|-495.71
0|002886|20190418|-496.53
0|300355|20190418|-497.69
1|600812|20190418|-499.65
1|601929|20190418|-500.24
0|300213|20190418|-500.55
1|600467|20190418|-500.56
0|300601|20190418|-501.41
0|000810|20190418|-501.71
0|300019|20190418|-504.52
0|300368|20190418|-504.92
1|600748|20190418|-504.95
0|300230|20190418|-504.98
1|600305|20190418|-506.71
0|002645|20190418|-508.07
0|300560|20190418|-509.31
0|300295|20190418|-509.64
0|000925|20190418|-509.75
1|601699|20190418|-510.03
0|002760|20190418|-510.44
1|600668|20190418|-511.03
0|000539|20190418|-511.07
0|002471|20190418|-512.43
0|000616|20190418|-513.54
1|600933|20190418|-514.32
1|600220|20190418|-514.74
1|601199|20190418|-514.81
0|002535|20190418|-515.77
1|600595|20190418|-516.01
0|002734|20190418|-516.21
0|300116|20190418|-516.82
1|600871|20190418|-518.06
0|002220|20190418|-522.59
0|000921|20190418|-522.77
1|600004|20190418|-523.00
0|300406|20190418|-523.65
0|002722|20190418|-524.26
0|300106|20190418|-527.12
0|002806|20190418|-527.30
0|300245|20190418|-527.77
0|002892|20190418|-529.84
0|000532|20190418|-529.89
1|600138|20190418|-530.80
0|002906|20190418|-530.82
0|300586|20190418|-532.48
1|603629|20190418|-532.89
0|002942|20190418|-534.15
0|002502|20190418|-535.29
0|002083|20190418|-537.73
1|600210|20190418|-538.09
0|300469|20190418|-539.59
1|600583|20190418|-539.93
0|000550|20190418|-540.36
0|002068|20190418|-540.50
0|002881|20190418|-541.49
1|600143|20190418|-542.52
1|603650|20190418|-543.24
0|300311|20190418|-543.61
0|002042|20190418|-543.62
0|300057|20190418|-543.66
0|000591|20190418|-544.68
0|300575|20190418|-544.85
1|600267|20190418|-544.90
1|600373|20190418|-545.16
1|600556|20190418|-545.63
0|300248|20190418|-548.25
0|300148|20190418|-548.70
0|300261|20190418|-548.96
0|300064|20190418|-550.24
0|300016|20190418|-550.98
1|600511|20190418|-551.82
1|601001|20190418|-551.96
0|002224|20190418|-554.49
0|000408|20190418|-555.24
0|002603|20190418|-555.27
0|000756|20190418|-555.42
0|300545|20190418|-557.31
0|300384|20190418|-557.94
1|601015|20190418|-558.35
0|002193|20190418|-560.24
0|300401|20190418|-560.90
0|000677|20190418|-561.26
1|600841|20190418|-561.54
0|300049|20190418|-562.37
0|300096|20190418|-563.63
0|002663|20190418|-563.98
1|603305|20190418|-566.66
0|002575|20190418|-567.44
0|300117|20190418|-567.74
0|002352|20190418|-567.83
0|002571|20190418|-567.96
1|603323|20190418|-568.64
0|002018|20190418|-569.44
1|600606|20190418|-569.46
0|000597|20190418|-569.93
0|002279|20190418|-571.65
0|000667|20190418|-571.76
0|000981|20190418|-572.44
0|300084|20190418|-573.56
0|002061|20190418|-573.67
1|601918|20190418|-574.78
0|000822|20190418|-575.49
1|600978|20190418|-576.91
0|002585|20190418|-577.29
0|300577|20190418|-578.17
1|600293|20190418|-578.28
0|002522|20190418|-578.45
0|300132|20190418|-579.35
1|600209|20190418|-580.85
1|600108|20190418|-584.05
0|300466|20190418|-585.62
0|002073|20190418|-587.65
1|600271|20190418|-588.54
1|600800|20190418|-589.85
0|300175|20190418|-591.84
0|000953|20190418|-592.31
1|600763|20190418|-593.21
1|600618|20190418|-593.23
1|601229|20190418|-594.39
1|600392|20190418|-595.86
0|000897|20190418|-595.95
0|300280|20190418|-596.59
0|002618|20190418|-596.64
0|000006|20190418|-596.65
0|002504|20190418|-596.82
0|000407|20190418|-598.59
0|002745|20190418|-599.23
1|600330|20190418|-599.45
1|600229|20190418|-600.22
0|300216|20190418|-601.32
0|300760|20190418|-602.02
0|002897|20190418|-602.62
0|002077|20190418|-604.31
0|000547|20190418|-605.49
0|002005|20190418|-605.89
0|300071|20190418|-607.16
1|600458|20190418|-607.28
0|002090|20190418|-608.35
0|300379|20190418|-610.28
1|600462|20190418|-610.57
0|002747|20190418|-611.63
0|002013|20190418|-612.35
0|002411|20190418|-614.75
1|600217|20190418|-615.83
1|600119|20190418|-615.84
0|002391|20190418|-616.13
0|002679|20190418|-616.22
1|603002|20190418|-616.28
0|300287|20190418|-616.36
1|600123|20190418|-617.52
1|600071|20190418|-618.04
0|002581|20190418|-618.41
1|600645|20190418|-619.08
0|000673|20190418|-623.17
1|601666|20190418|-623.69
0|300240|20190418|-624.53
0|002327|20190418|-625.94
1|603700|20190418|-626.91
0|002030|20190418|-630.81
0|300282|20190418|-632.91
0|300623|20190418|-632.99
1|603598|20190418|-633.39
1|600823|20190418|-635.98
1|600398|20190418|-636.04
1|600452|20190418|-636.67
1|600053|20190418|-636.85
0|300752|20190418|-637.51
0|002016|20190418|-637.74
1|603389|20190418|-638.24
0|300069|20190418|-638.40
1|603297|20190418|-639.88
0|300162|20190418|-640.47
1|600405|20190418|-640.58
0|002116|20190418|-641.69
1|600652|20190418|-642.02
0|300740|20190418|-642.79
0|002203|20190418|-643.03
1|600099|20190418|-643.29
0|300244|20190418|-643.50
1|601398|20190418|-644.41
1|601558|20190418|-644.74
0|000888|20190418|-647.37
1|603688|20190418|-650.32
0|300249|20190418|-652.11
0|002046|20190418|-652.36
0|002426|20190418|-653.61
1|603067|20190418|-653.63
0|002721|20190418|-654.94
0|300578|20190418|-656.00
0|000157|20190418|-656.96
0|300426|20190418|-657.14
0|300747|20190418|-659.20
1|600633|20190418|-659.28
1|600597|20190418|-662.21
0|000937|20190418|-664.83
1|601375|20190418|-664.83
1|600227|20190418|-665.58
0|002670|20190418|-667.65
1|603444|20190418|-669.53
1|603378|20190418|-669.98
0|000815|20190418|-670.54
0|002055|20190418|-670.62
1|600667|20190418|-671.50
1|601228|20190418|-672.05
0|002501|20190418|-672.90
1|600444|20190418|-673.16
0|002298|20190418|-673.16
0|300125|20190418|-673.60
0|000507|20190418|-674.76
0|002699|20190418|-677.75
1|600854|20190418|-679.20
0|002219|20190418|-679.28
1|603810|20190418|-679.92
0|300335|20190418|-681.03
0|002425|20190418|-681.22
0|002700|20190418|-681.91
0|002625|20190418|-681.97
0|002467|20190418|-682.81
0|300400|20190418|-682.92
1|600084|20190418|-683.00
1|600533|20190418|-683.58
0|002545|20190418|-683.98
0|000882|20190418|-684.07
0|002450|20190418|-684.12
0|000582|20190418|-684.43
0|000811|20190418|-684.89
0|002472|20190418|-686.29
0|300356|20190418|-687.08
0|300156|20190418|-687.45
0|300027|20190418|-687.88
0|000422|20190418|-689.27
0|000975|20190418|-691.30
1|600750|20190418|-691.70
1|603876|20190418|-694.58
0|002317|20190418|-694.74
0|300025|20190418|-694.87
0|300349|20190418|-695.40
0|002242|20190418|-696.65
1|603959|20190418|-696.98
1|600636|20190418|-697.64
0|300456|20190418|-698.01
0|000426|20190418|-699.46
1|600074|20190418|-699.63
0|300039|20190418|-700.52
0|002113|20190418|-701.49
1|600182|20190418|-701.89
0|002380|20190418|-702.49
1|600784|20190418|-705.28
0|000030|20190418|-707.65
0|300416|20190418|-709.28
0|000014|20190418|-709.28
0|000034|20190418|-709.64
1|600825|20190418|-711.94
1|600892|20190418|-712.20
0|000593|20190418|-713.73
0|300487|20190418|-713.99
0|300705|20190418|-714.20
0|300238|20190418|-714.79
0|002024|20190418|-715.40
0|002755|20190418|-720.57
0|300078|20190418|-721.50
0|002256|20190418|-723.16
0|002546|20190418|-724.23
0|000606|20190418|-724.44
1|603881|20190418|-725.37
0|300462|20190418|-725.57
1|600881|20190418|-729.26
1|603877|20190418|-729.92
0|002299|20190418|-730.36
0|300178|20190418|-731.09
1|600011|20190418|-731.28
0|300164|20190418|-735.52
1|600531|20190418|-735.70
1|600958|20190418|-737.04
1|600390|20190418|-737.12
0|300058|20190418|-737.52
0|300184|20190418|-738.80
0|300080|20190418|-740.02
0|002267|20190418|-740.39
0|002041|20190418|-740.66
0|002926|20190418|-743.33
1|600887|20190418|-743.99
0|002709|20190418|-744.49
0|300173|20190418|-744.97
1|603879|20190418|-746.95
0|002948|20190418|-747.12
1|600546|20190418|-747.98
1|603716|20190418|-748.88
0|002727|20190418|-748.90
1|601366|20190418|-752.58
1|600622|20190418|-754.90
0|000819|20190418|-756.69
0|300227|20190418|-756.98
0|002087|20190418|-757.64
1|600331|20190418|-758.16
0|002577|20190418|-759.62
1|600745|20190418|-759.91
1|600599|20190418|-762.74
0|300001|20190418|-762.95
1|600651|20190418|-763.92
0|002067|20190418|-763.94
0|000666|20190418|-764.39
0|300637|20190418|-765.57
0|002048|20190418|-766.01
1|603232|20190418|-767.56
0|000738|20190418|-768.09
1|603601|20190418|-769.28
0|002123|20190418|-770.28
0|002851|20190418|-770.78
0|000796|20190418|-771.26
1|200725|20190418|-771.45
1|601515|20190418|-771.76
0|300654|20190418|-772.72
1|600495|20190418|-772.74
0|300191|20190418|-776.90
1|603160|20190418|-777.66
1|600749|20190418|-777.71
1|603903|20190418|-778.40
0|000537|20190418|-779.56
0|002006|20190418|-780.68
0|300090|20190418|-783.32
1|600601|20190418|-783.47
1|600967|20190418|-783.71
0|000968|20190418|-783.88
0|300458|20190418|-784.82
0|000829|20190418|-785.28
0|000697|20190418|-785.91
0|300312|20190418|-788.14
0|002064|20190418|-789.30
0|300075|20190418|-789.36
1|601899|20190418|-789.82
0|002355|20190418|-789.86
1|603099|20190418|-791.01
0|000019|20190418|-791.10
0|000712|20190418|-793.42
0|002859|20190418|-795.00
1|600997|20190418|-797.87
0|300045|20190418|-798.57
1|600872|20190418|-798.69
0|000825|20190418|-799.69
1|600356|20190418|-801.19
0|002270|20190418|-801.99
0|300674|20190418|-802.91
0|300745|20190418|-802.96
1|600826|20190418|-803.43
1|600336|20190418|-809.48
1|600660|20190418|-810.07
0|300673|20190418|-810.19
0|002025|20190418|-811.88
1|600061|20190418|-812.40
0|300362|20190418|-814.60
0|300630|20190418|-815.89
1|600308|20190418|-816.49
0|002590|20190418|-816.60
0|000960|20190418|-817.16
0|000910|20190418|-821.56
1|601069|20190418|-822.57
1|601369|20190418|-824.19
0|300214|20190418|-825.00
0|002028|20190418|-825.95
1|603739|20190418|-825.96
0|002518|20190418|-827.41
1|600691|20190418|-827.53
0|300263|20190418|-829.17
0|300174|20190418|-834.46
0|300749|20190418|-834.83
0|300018|20190418|-836.29
1|600318|20190418|-837.02
1|600586|20190418|-839.48
1|600025|20190418|-839.89
1|600039|20190418|-840.28
1|600076|20190418|-840.38
1|600027|20190418|-841.71
0|300166|20190418|-842.24
1|603009|20190418|-843.07
0|000918|20190418|-843.37
1|601006|20190418|-847.02
1|600523|20190418|-847.81
0|002265|20190418|-850.39
0|000151|20190418|-853.21
1|600279|20190418|-854.02
0|002326|20190418|-854.25
0|000733|20190418|-856.69
0|300271|20190418|-857.35
0|002437|20190418|-858.94
0|000713|20190418|-858.97
1|600062|20190418|-861.20
1|600238|20190418|-862.70
0|300317|20190418|-862.76
1|600901|20190418|-863.20
0|002482|20190418|-864.88
0|002500|20190418|-867.29
0|002126|20190418|-867.52
0|300756|20190418|-867.68
0|300407|20190418|-872.42
0|300364|20190418|-872.83
1|600106|20190418|-873.37
1|603602|20190418|-877.75
1|600896|20190418|-878.70
0|000565|20190418|-879.17
0|002192|20190418|-883.34
0|300165|20190418|-883.66
1|603980|20190418|-884.05
1|600219|20190418|-885.28
0|300332|20190418|-885.65
0|000762|20190418|-885.96
0|000739|20190418|-886.35
0|000766|20190418|-886.69
1|600703|20190418|-889.15
0|002439|20190418|-892.18
1|603300|20190418|-893.09
0|002544|20190418|-893.92
1|603318|20190418|-896.00
1|603121|20190418|-897.88
1|603259|20190418|-898.48
0|300700|20190418|-899.76
0|300035|20190418|-899.98
0|002776|20190418|-900.24
0|002723|20190418|-901.15
1|600869|20190418|-902.32
1|603458|20190418|-904.72
1|600580|20190418|-905.01
0|300273|20190418|-905.17
0|002587|20190418|-906.20
0|000065|20190418|-906.35
0|002050|20190418|-908.81
0|002792|20190418|-909.36
0|300094|20190418|-911.18
0|000850|20190418|-912.83
0|002072|20190418|-913.17
0|002318|20190418|-914.91
0|002731|20190418|-915.57
1|600650|20190418|-917.43
0|300323|20190418|-917.63
0|300067|20190418|-919.67
0|001872|20190418|-925.02
1|600567|20190418|-925.90
0|002128|20190418|-926.76
1|600866|20190418|-927.05
0|300351|20190418|-932.11
1|600695|20190418|-933.21
1|600754|20190418|-933.26
0|002766|20190418|-933.36
1|600722|20190418|-935.50
0|300367|20190418|-936.20
0|000039|20190418|-936.60
1|603895|20190418|-938.49
1|603032|20190418|-941.23
0|002608|20190418|-941.44
1|600874|20190418|-942.20
0|300741|20190418|-943.31
0|002465|20190418|-943.55
0|002259|20190418|-944.41
0|000998|20190418|-944.94
0|000961|20190418|-944.99
0|002213|20190418|-946.69
1|601231|20190418|-946.84
0|002431|20190418|-947.49
0|002063|20190418|-951.00
0|300179|20190418|-953.14
0|002181|20190418|-953.79
1|600408|20190418|-954.87
0|300538|20190418|-955.91
0|300698|20190418|-956.67
0|000425|20190418|-958.77
0|300376|20190418|-961.53
0|000637|20190418|-962.15
1|600653|20190418|-963.57
0|300477|20190418|-964.68
1|603826|20190418|-966.09
0|300063|20190418|-967.63
0|002562|20190418|-968.55
0|002158|20190418|-968.69
0|300202|20190418|-972.52
0|002703|20190418|-974.61
1|600787|20190418|-978.05
0|000622|20190418|-984.41
0|002273|20190418|-984.50
0|000939|20190418|-987.40
0|300348|20190418|-992.20
0|000567|20190418|-994.92
0|000856|20190418|-998.21
0|000552|20190418|-998.54
0|300346|20190418|-999.59
0|002117|20190418|-1001.86
1|603108|20190418|-1001.96
1|600908|20190418|-1003.75
0|002920|20190418|-1004.15
0|002430|20190418|-1007.56
0|002796|20190418|-1009.83
0|002239|20190418|-1011.96
0|300324|20190418|-1012.83
0|300627|20190418|-1013.93
0|002531|20190418|-1014.61
0|002285|20190418|-1016.79
0|002389|20190418|-1017.96
0|002009|20190418|-1022.55
0|300036|20190418|-1022.69
0|002573|20190418|-1024.60
1|601600|20190418|-1025.11
0|000931|20190418|-1030.13
0|002468|20190418|-1030.80
1|600648|20190418|-1031.10
0|000676|20190418|-1033.43
0|300707|20190418|-1036.31
1|601577|20190418|-1036.41
0|000155|20190418|-1036.65
1|600088|20190418|-1036.89
0|300470|20190418|-1037.30
1|600057|20190418|-1037.58
0|002949|20190418|-1039.25
0|300044|20190418|-1040.63
1|600725|20190418|-1042.83
0|002505|20190418|-1045.71
0|300457|20190418|-1047.03
0|300365|20190418|-1048.42
0|002019|20190418|-1053.43
1|601162|20190418|-1056.68
0|000584|20190418|-1059.09
1|600939|20190418|-1060.00
1|600020|20190418|-1063.17
1|603085|20190418|-1063.66
1|603086|20190418|-1064.23
0|000682|20190418|-1065.88
1|600323|20190418|-1066.91
1|600380|20190418|-1071.32
0|002601|20190418|-1077.53
0|000876|20190418|-1079.74
0|002839|20190418|-1081.35
0|300347|20190418|-1081.48
0|002313|20190418|-1084.78
0|000720|20190418|-1086.44
1|603912|20190418|-1087.15
1|600426|20190418|-1091.51
1|600456|20190418|-1093.64
0|000036|20190418|-1093.90
1|601333|20190418|-1095.70
0|002717|20190418|-1095.98
1|600810|20190418|-1096.40
1|600110|20190418|-1096.55
0|000788|20190418|-1103.01
1|600521|20190418|-1103.11
0|002925|20190418|-1104.04
0|002946|20190418|-1108.13
0|300203|20190418|-1110.92
0|000683|20190418|-1112.84
1|601866|20190418|-1112.99
0|002952|20190418|-1121.18
1|600363|20190418|-1127.90
1|600971|20190418|-1133.01
1|603379|20190418|-1134.05
0|300666|20190418|-1134.20
1|600242|20190418|-1134.23
1|600212|20190418|-1136.63
1|600482|20190418|-1138.66
0|000525|20190418|-1138.92
1|603128|20190418|-1143.78
0|002939|20190418|-1144.61
0|000607|20190418|-1146.17
1|600981|20190418|-1146.62
0|000678|20190418|-1150.06
0|300725|20190418|-1153.52
1|603508|20190418|-1154.43
0|300378|20190418|-1156.04
0|002108|20190418|-1156.71
1|600175|20190418|-1159.12
0|002609|20190418|-1159.51
0|000025|20190418|-1164.37
1|600560|20190418|-1167.70
1|600136|20190418|-1170.94
1|600919|20190418|-1177.29
0|002179|20190418|-1179.40
1|603693|20190418|-1180.28
1|600803|20190418|-1180.65
0|000404|20190418|-1181.99
0|002051|20190418|-1186.30
1|603712|20190418|-1186.38
0|002305|20190418|-1189.56
1|600868|20190418|-1193.65
0|300527|20190418|-1194.24
0|002155|20190418|-1194.51
0|300153|20190418|-1198.89
0|002010|20190418|-1201.08
1|603660|20190418|-1201.67
0|300352|20190418|-1203.45
0|300159|20190418|-1212.07
1|600266|20190418|-1214.80
0|002768|20190418|-1215.26
1|600436|20190418|-1216.31
0|002537|20190418|-1218.16
0|002716|20190418|-1226.70
0|000088|20190418|-1234.32
1|600080|20190418|-1235.83
0|002004|20190418|-1236.28
0|002643|20190418|-1237.48
1|601360|20190418|-1240.35
1|600739|20190418|-1242.25
0|000409|20190418|-1242.51
0|002075|20190418|-1247.76
1|601169|20190418|-1248.12
0|002106|20190418|-1248.68
0|002619|20190418|-1251.99
0|002226|20190418|-1253.20
0|002341|20190418|-1253.98
0|300377|20190418|-1256.54
0|000935|20190418|-1259.46
1|601002|20190418|-1259.93
1|601155|20190418|-1261.13
1|603639|20190418|-1264.10
1|600777|20190418|-1265.22
1|601139|20190418|-1265.60
0|000900|20190418|-1269.26
0|002937|20190418|-1271.89
1|600775|20190418|-1273.09
1|603767|20190418|-1276.26
1|600525|20190418|-1276.30
0|002371|20190418|-1277.05
1|600366|20190418|-1277.59
1|600867|20190418|-1279.09
0|002044|20190418|-1281.55
0|002178|20190418|-1286.79
1|600641|20190418|-1288.53
0|300732|20190418|-1293.19
1|600312|20190418|-1297.35
1|600135|20190418|-1298.85
1|600222|20190418|-1304.96
0|300758|20190418|-1309.69
0|002400|20190418|-1311.44
0|300328|20190418|-1320.56
0|002750|20190418|-1321.77
1|600609|20190418|-1321.92
0|300171|20190418|-1325.26
0|000089|20190418|-1325.28
0|002741|20190418|-1328.01
0|002105|20190418|-1329.59
0|002152|20190418|-1332.58
0|002497|20190418|-1337.59
0|000587|20190418|-1346.42
0|300579|20190418|-1349.15
0|002054|20190418|-1351.69
1|603766|20190418|-1351.75
0|002491|20190418|-1352.36
1|600876|20190418|-1357.95
0|000912|20190418|-1363.53
0|300670|20190418|-1369.71
0|000629|20190418|-1369.97
1|600316|20190418|-1370.95
0|002607|20190418|-1371.56
1|600221|20190418|-1373.76
1|600770|20190418|-1374.19
0|000837|20190418|-1376.23
0|300236|20190418|-1376.92
0|002496|20190418|-1377.17
0|002358|20190418|-1377.54
0|000670|20190418|-1378.47
0|002554|20190418|-1380.29
1|600512|20190418|-1381.09
1|600999|20190418|-1384.95
0|002701|20190418|-1400.91
0|002351|20190418|-1403.10
1|600139|20190418|-1404.06
0|000554|20190418|-1404.39
0|000930|20190418|-1410.69
0|002610|20190418|-1413.33
1|601608|20190418|-1419.41
1|600170|20190418|-1424.34
0|300568|20190418|-1426.63
0|300088|20190418|-1433.67
1|600699|20190418|-1436.46
0|000962|20190418|-1437.20
0|002580|20190418|-1437.37
1|600068|20190418|-1439.61
1|600917|20190418|-1443.56
1|600676|20190418|-1446.20
0|002622|20190418|-1460.68
1|603823|20190418|-1462.09
1|600585|20190418|-1462.45
1|601789|20190418|-1462.61
1|603858|20190418|-1464.50
0|000790|20190418|-1469.22
0|300115|20190418|-1475.40
0|002035|20190418|-1483.58
0|002681|20190418|-1483.98
1|600177|20190418|-1485.46
1|600486|20190418|-1485.58
1|601258|20190418|-1489.67
0|002652|20190418|-1490.49
0|000400|20190418|-1490.59
0|002040|20190418|-1494.13
0|300322|20190418|-1494.73
0|000021|20190418|-1495.05
0|002485|20190418|-1495.20
0|002424|20190418|-1501.86
0|300137|20190418|-1504.17
0|002549|20190418|-1504.23
1|600635|20190418|-1506.97
0|000615|20190418|-1508.78
1|600056|20190418|-1510.45
1|600179|20190418|-1510.67
0|002422|20190418|-1511.00
1|600188|20190418|-1516.23
1|600926|20190418|-1517.39
0|000792|20190418|-1521.40
1|600673|20190418|-1522.82
0|002606|20190418|-1526.90
1|600969|20190418|-1528.60
0|002241|20190418|-1528.93
1|600805|20190418|-1531.78
1|601628|20190418|-1548.50
1|600079|20190418|-1556.37
0|000955|20190418|-1559.26
1|600114|20190418|-1561.42
0|002131|20190418|-1562.35
1|601168|20190418|-1569.52
0|000008|20190418|-1574.05
1|600275|20190418|-1574.66
1|600093|20190418|-1580.94
0|002458|20190418|-1585.92
1|600848|20190418|-1596.90
0|300755|20190418|-1599.75
0|300408|20190418|-1602.88
0|002262|20190418|-1603.32
0|000521|20190418|-1606.11
0|000989|20190418|-1614.75
0|002149|20190418|-1619.29
0|300296|20190418|-1620.67
0|300657|20190418|-1622.06
0|002366|20190418|-1623.33
1|600152|20190418|-1625.42
0|300228|20190418|-1626.70
0|000793|20190418|-1628.74
0|300309|20190418|-1630.21
1|603648|20190418|-1631.62
0|000780|20190418|-1632.60
0|000555|20190418|-1636.65
0|002060|20190418|-1637.02
0|002408|20190418|-1638.46
0|000993|20190418|-1639.57
0|001979|20190418|-1642.18
0|300083|20190418|-1650.71
1|600879|20190418|-1654.55
0|300552|20190418|-1659.90
0|000838|20190418|-1673.32
0|000031|20190418|-1674.40
1|600624|20190418|-1675.83
0|000423|20190418|-1677.32
0|000859|20190418|-1677.55
1|601111|20190418|-1679.33
0|300315|20190418|-1683.50
1|603501|20190418|-1684.98
0|300139|20190418|-1688.53
0|000881|20190418|-1694.77
1|601700|20190418|-1696.08
1|600191|20190418|-1697.08
0|000055|20190418|-1698.61
1|601607|20190418|-1705.51
1|600903|20190418|-1706.23
1|601222|20190418|-1715.55
0|002783|20190418|-1717.48
0|002007|20190418|-1719.59
0|002386|20190418|-1734.46
1|600297|20190418|-1736.00
0|002761|20190418|-1737.40
0|000078|20190418|-1739.88
0|000950|20190418|-1744.99
0|002222|20190418|-1756.89
0|000040|20190418|-1757.38
1|600571|20190418|-1763.24
1|600611|20190418|-1763.53
0|002736|20190418|-1773.95
0|300266|20190418|-1777.65
0|300177|20190418|-1778.99
0|300144|20190418|-1784.04
1|600530|20190418|-1784.81
1|601218|20190418|-1786.14
0|000831|20190418|-1789.16
1|600125|20190418|-1790.46
1|601328|20190418|-1798.99
1|600584|20190418|-1803.54
0|000538|20190418|-1805.45
1|600178|20190418|-1808.55
0|300241|20190418|-1809.42
0|000519|20190418|-1811.96
0|300098|20190418|-1812.93
0|000060|20190418|-1813.21
0|300493|20190418|-1821.99
0|002085|20190418|-1824.49
0|002086|20190418|-1825.79
0|300759|20190418|-1827.92
0|300325|20190418|-1832.53
1|600122|20190418|-1839.31
0|002628|20190418|-1841.21
0|002506|20190418|-1845.71
1|601377|20190418|-1846.93
1|600369|20190418|-1849.29
0|002294|20190418|-1849.42
1|600277|20190418|-1852.62
0|000560|20190418|-1854.30
0|300418|20190418|-1862.02
1|601618|20190418|-1862.67
0|000630|20190418|-1867.17
1|600409|20190418|-1870.25
1|600292|20190418|-1870.28
1|600822|20190418|-1874.88
1|603383|20190418|-1875.17
0|000938|20190418|-1875.97
0|300632|20190418|-1877.59
0|002091|20190418|-1882.78
1|603260|20190418|-1883.45
0|000566|20190418|-1886.74
0|002488|20190418|-1893.96
0|002676|20190418|-1899.03
0|000735|20190418|-1903.83
0|000626|20190418|-1904.27
1|600718|20190418|-1904.42
1|600375|20190418|-1935.28
1|603698|20190418|-1935.76
1|600213|20190418|-1938.42
1|603956|20190418|-1947.07
0|000802|20190418|-1947.08
0|002626|20190418|-1949.97
0|000514|20190418|-1959.54
0|300074|20190418|-1967.21
1|600737|20190418|-1979.30
1|600708|20190418|-1979.82
0|000416|20190418|-2008.27
0|002082|20190418|-2009.13
0|002770|20190418|-2013.11
1|600758|20190418|-2024.66
1|600089|20190418|-2025.06
1|600018|20190418|-2025.48
1|600623|20190418|-2032.94
0|300122|20190418|-2041.45
1|601615|20190418|-2053.32
0|002376|20190418|-2053.62
0|000540|20190418|-2066.10
1|600816|20190418|-2069.64
0|000506|20190418|-2076.73
0|000687|20190418|-2077.07
0|002477|20190418|-2089.15
1|601633|20190418|-2091.26
0|300497|20190418|-2095.19
0|000778|20190418|-2098.13
0|002523|20190418|-2103.93
1|601800|20190418|-2104.09
0|002869|20190418|-2114.10
0|000590|20190418|-2122.74
0|002635|20190418|-2126.76
1|603026|20190418|-2138.95
1|601998|20190418|-2139.39
1|600491|20190418|-2154.76
0|000609|20190418|-2159.13
1|601016|20190418|-2160.88
1|600230|20190418|-2176.32
1|600637|20190418|-2184.17
1|600171|20190418|-2190.29
0|002711|20190418|-2192.50
0|002156|20190418|-2196.50
0|002263|20190418|-2199.30
0|000564|20190418|-2201.22
1|601128|20190418|-2204.00
0|300580|20190418|-2207.22
1|600335|20190418|-2209.52
0|002454|20190418|-2211.52
0|300073|20190418|-2216.30
0|002665|20190418|-2222.68
0|002617|20190418|-2223.70
0|002130|20190418|-2223.96
1|600928|20190418|-2224.84
1|600100|20190418|-2225.66
0|000875|20190418|-2227.79
1|601319|20190418|-2227.84
1|600201|20190418|-2238.47
1|600507|20190418|-2242.19
1|600797|20190418|-2263.61
0|002475|20190418|-2270.97
1|601211|20190418|-2282.29
0|300340|20190418|-2282.47
1|600086|20190418|-2285.55
0|000690|20190418|-2286.87
0|300085|20190418|-2296.27
0|300059|20190418|-2317.90
1|601688|20190418|-2339.14
0|000669|20190418|-2340.18
1|601519|20190418|-2340.55
0|002532|20190418|-2344.63
0|000415|20190418|-2345.03
0|300638|20190418|-2367.87
0|002074|20190418|-2371.46
0|002514|20190418|-2381.25
0|002447|20190418|-2384.60
0|300033|20190418|-2389.08
0|002065|20190418|-2391.07
1|603906|20190418|-2400.08
0|002359|20190418|-2403.92
0|000736|20190418|-2411.33
1|600489|20190418|-2419.61
0|000816|20190418|-2430.77
0|000760|20190418|-2447.59
1|600771|20190418|-2458.99
1|603577|20190418|-2462.13
0|002510|20190418|-2463.68
0|300007|20190418|-2464.32
1|600348|20190418|-2465.49
0|002384|20190418|-2470.75
1|601865|20190418|-2472.75
0|300048|20190418|-2497.14
1|600332|20190418|-2502.33
0|002509|20190418|-2526.26
0|002655|20190418|-2529.88
0|002059|20190418|-2532.50
1|600240|20190418|-2538.58
1|601990|20190418|-2539.93
0|002139|20190418|-2546.78
0|002694|20190418|-2566.16
0|300711|20190418|-2576.28
0|000517|20190418|-2584.03
0|000516|20190418|-2593.86
1|600705|20190418|-2598.45
0|002415|20190418|-2601.50
0|300598|20190418|-2609.22
0|002183|20190418|-2617.41
1|600614|20190418|-2623.03
1|600260|20190418|-2659.68
1|600664|20190418|-2661.09
0|000878|20190418|-2665.81
1|600839|20190418|-2678.13
0|300757|20190418|-2679.69
0|002356|20190418|-2679.90
1|600410|20190418|-2682.42
1|600060|20190418|-2700.40
1|600936|20190418|-2707.83
1|600677|20190418|-2717.37
0|000572|20190418|-2731.64
0|300481|20190418|-2734.22
0|300093|20190418|-2764.43
0|002945|20190418|-2818.78
0|300020|20190418|-2828.28
0|002047|20190418|-2834.72
1|600674|20190418|-2843.87
1|601019|20190418|-2846.61
1|600783|20190418|-2846.67
0|300012|20190418|-2849.47
0|000150|20190418|-2850.13
0|002370|20190418|-2851.98
1|600519|20190418|-2862.07
0|300037|20190418|-2870.20
0|002797|20190418|-2872.45
1|600792|20190418|-2876.65
0|000936|20190418|-2883.72
0|002517|20190418|-2890.69
0|002162|20190418|-2939.53
0|002369|20190418|-2972.27
0|002958|20190418|-2980.83
0|000969|20190418|-3020.43
0|300353|20190418|-3027.92
0|000401|20190418|-3038.78
0|300765|20190418|-3047.46
1|600291|20190418|-3054.10
1|603681|20190418|-3059.07
0|002630|20190418|-3059.38
1|600259|20190418|-3079.26
1|603117|20190418|-3095.80
1|600111|20190418|-3122.01
0|300253|20190418|-3126.05
1|600682|20190418|-3126.83
0|300496|20190418|-3141.06
0|300070|20190418|-3148.03
0|002638|20190418|-3157.54
1|600196|20190418|-3227.88
0|002466|20190418|-3242.41
0|300104|20190418|-3261.54
0|002098|20190418|-3266.91
0|000722|20190418|-3271.53
1|600856|20190418|-3296.63
0|300370|20190418|-3324.01
1|601598|20190418|-3325.47
0|000988|20190418|-3330.50
1|601099|20190418|-3365.53
1|600986|20190418|-3391.29
1|600568|20190418|-3396.06
1|600686|20190418|-3432.50
1|600740|20190418|-3437.43
1|600383|20190418|-3439.45
1|600109|20190418|-3470.08
0|300267|20190418|-3495.97
1|601997|20190418|-3502.36
1|600643|20190418|-3512.31
1|600066|20190418|-3547.74
0|300014|20190418|-3574.03
1|600478|20190418|-3580.48
1|601011|20190418|-3585.59
1|600340|20190418|-3593.59
0|000868|20190418|-3646.08
0|000963|20190418|-3650.12
0|002146|20190418|-3652.44
0|002596|20190418|-3707.63
0|002402|20190418|-3742.22
1|603329|20190418|-3743.38
0|002175|20190418|-3764.81
0|300339|20190418|-3781.42
1|601009|20190418|-3783.77
0|002381|20190418|-3789.88
1|600325|20190418|-3791.88
0|300663|20190418|-3798.79
0|300409|20190418|-3804.14
0|002572|20190418|-3830.75
0|300498|20190418|-3869.76
0|000069|20190418|-3920.53
1|600689|20190418|-3921.17
0|002512|20190418|-3952.19
0|002237|20190418|-3954.61
0|002396|20190418|-3961.10
1|600418|20190418|-3987.36
0|000776|20190418|-4023.35
0|002418|20190418|-4030.28
1|601877|20190418|-4043.77
1|600789|20190418|-4060.97
0|000826|20190418|-4095.73
0|002252|20190418|-4169.06
0|002629|20190418|-4179.23
0|000625|20190418|-4190.50
0|000531|20190418|-4200.24
0|000488|20190418|-4206.37
0|000750|20190418|-4229.32
0|002012|20190418|-4229.80
1|600886|20190418|-4232.31
0|002001|20190418|-4267.72
1|601311|20190418|-4282.41
0|000951|20190418|-4285.81
0|300079|20190418|-4286.48
0|002639|20190418|-4296.59
0|002245|20190418|-4320.03
0|002407|20190418|-4342.89
1|600276|20190418|-4363.05
0|002310|20190418|-4386.70
1|600273|20190418|-4393.96
1|600029|20190418|-4433.53
0|000563|20190418|-4440.93
0|002451|20190418|-4453.06
0|002480|20190418|-4464.51
0|300750|20190418|-4480.49
0|002049|20190418|-4481.75
0|300182|20190418|-4492.27
1|600064|20190418|-4514.41
1|600570|20190418|-4525.81
0|002008|20190418|-4531.12
0|000977|20190418|-4533.13
1|601066|20190418|-4541.53
1|600716|20190418|-4584.92
1|600736|20190418|-4598.46
1|600831|20190418|-4601.84
1|600884|20190418|-4621.45
1|600517|20190418|-4635.59
0|002236|20190418|-4658.31
1|603113|20190418|-4658.90
0|002673|20190418|-4681.85
1|601818|20190418|-4708.41
1|601975|20190418|-4717.53
0|002231|20190418|-4724.51
0|000851|20190418|-4774.99
1|600518|20190418|-4864.02
0|300343|20190418|-4889.31
0|002283|20190418|-4945.26
0|000917|20190418|-4965.31
0|000862|20190418|-4970.32
0|000990|20190418|-5012.56
0|000983|20190418|-5025.60
0|000807|20190418|-5097.48
0|300433|20190418|-5119.65
0|002223|20190418|-5124.72
1|600895|20190418|-5159.87
0|002714|20190418|-5162.06
1|600192|20190418|-5179.92
1|601555|20190418|-5244.06
0|000581|20190418|-5295.65
0|300110|20190418|-5319.59
0|002243|20190418|-5344.77
0|000100|20190418|-5349.89
0|002249|20190418|-5372.04
0|002176|20190418|-5377.86
1|600131|20190418|-5392.09
0|000905|20190418|-5393.87
1|600309|20190418|-5405.09
0|002600|20190418|-5637.98
0|000636|20190418|-5724.52
0|300170|20190418|-5741.66
1|600877|20190418|-5858.11
0|300003|20190418|-6038.96
1|600596|20190418|-6313.54
0|002198|20190418|-6328.31
0|002938|20190418|-6377.43
1|600176|20190418|-6425.83
1|603888|20190418|-6445.31
0|002247|20190418|-6461.25
0|300091|20190418|-6493.69
1|600036|20190418|-6544.92
0|002390|20190418|-6562.40
0|300694|20190418|-6566.99
1|600837|20190418|-6585.97
1|603986|20190418|-6629.46
0|000927|20190418|-6659.77
0|000681|20190418|-6676.23
0|000830|20190418|-6732.71
1|600975|20190418|-6750.67
0|002124|20190418|-6835.81
1|600547|20190418|-6859.86
0|000001|20190418|-6889.72
0|300618|20190418|-6903.41
0|000536|20190418|-6991.55
1|600710|20190418|-7004.48
1|600620|20190418|-7016.24
0|002640|20190418|-7040.26
1|601166|20190418|-7121.93
0|000050|20190418|-7248.52
1|603993|20190418|-7303.90
0|000903|20190418|-7366.27
1|600198|20190418|-7380.81
0|002202|20190418|-7533.58
1|600728|20190418|-7582.80
0|300136|20190418|-7617.05
1|600733|20190418|-7660.17
1|600604|20190418|-7730.95
1|600104|20190418|-7787.72
0|300766|20190418|-7938.05
1|600081|20190418|-7981.06
1|600459|20190418|-8054.91
1|600516|20190418|-8201.08
1|600666|20190418|-8202.92
0|000056|20190418|-8303.32
0|002648|20190418|-8316.06
1|600157|20190418|-8324.75
1|601678|20190418|-8356.78
0|300194|20190418|-8394.72
1|600422|20190418|-8402.33
1|600572|20190418|-8436.26
0|000413|20190418|-8461.11
0|000800|20190418|-8686.35
1|603393|20190418|-8713.84
1|603998|20190418|-8908.14
0|000980|20190418|-8931.33
0|002340|20190418|-9033.29
0|000686|20190418|-9214.52
0|002570|20190418|-9260.52
1|601727|20190418|-9579.86
0|002274|20190418|-9905.68
1|600048|20190418|-9913.51
0|002118|20190418|-9974.98
1|600846|20190418|-10165.61
0|002460|20190418|-10447.97
0|002027|20190418|-10683.90
1|601668|20190418|-10753.94
1|600166|20190418|-10919.28
0|002002|20190418|-11106.07
0|002157|20190418|-11907.69
0|000957|20190418|-12002.87
1|601939|20190418|-13083.82
0|002194|20190418|-13435.30
0|002565|20190418|-13550.77
1|603773|20190418|-13611.73
0|000725|20190418|-13683.91
1|600759|20190418|-13882.79
0|300068|20190418|-14557.47
0|002456|20190418|-14604.80
0|002210|20190418|-15176.11
0|001696|20190418|-15229.46
1|600446|20190418|-15289.50
1|600006|20190418|-15485.64
0|000839|20190418|-15601.61
0|000002|20190418|-15932.12
0|300017|20190418|-16477.16
0|000338|20190418|-18140.63
0|002567|20190418|-18222.84
1|601318|20190418|-18750.25
0|002733|20190418|-19399.39
1|600794|20190418|-19789.39
0|000858|20190418|-20240.48
1|600218|20190418|-20322.56
0|002594|20190418|-20822.81
0|002195|20190418|-25997.93
0|002405|20190418|-26233.78
0|000723|20190418|-34964.52
1|600875|20190418|-38181.57
0|002758|20190418|0
1|200168|20190418|0
0|300773|20190418|0
1|600680|20190418|0
0|002070|20190418|0
1|200986|20190418|0
0|300772|20190418|0
1|200553|20190418|0
1|200029|20190418|0
1|200541|20190418|0
1|200468|20190418|0
1|200025|20190418|0
1|200530|20190418|0
1|900921|20190418|0
1|900927|20190418|0
1|603967|20190418|0
1|200539|20190418|0
1|900922|20190418|0
1|200992|20190418|0
1|200045|20190418|0
1|900956|20190418|0
1|200019|20190418|0
1|900957|20190418|0
1|200761|20190418|0
0|300770|20190418|0
0|000029|20190418|0
1|600145|20190418|0
0|002323|20190418|0
1|900904|20190418|0
0|002953|20190418|0
1|200152|20190418|0
0|002793|20190418|0
1|900930|20190418|0
1|900940|20190418|0
1|200016|20190418|0
1|600485|20190418|0
1|900953|20190418|0
1|900910|20190418|0
0|002525|20190418|0
0|002680|20190418|0
1|900938|20190418|0
1|900952|20190418|0
1|200570|20190418|0
1|200037|20190418|0
1|900918|20190418|0
0|300728|20190418|0
1|900945|20190418|0
0|300646|20190418|0
0|000043|20190418|0
0|300361|20190418|0
1|603302|20190418|0
1|900919|20190418|0
1|200771|20190418|0
1|603697|20190418|0
1|200030|20190418|0
1|200054|20190418|0
1|900916|20190418|0
0|300561|20190418|0
0|000693|20190418|0
1|200706|20190418|0
1|900924|20190418|0
1|600349|20190418|0
1|200521|20190418|0
1|200613|20190418|0
1|200017|20190418|0
0|300771|20190418|0
1|200056|20190418|0
1|200550|20190418|0
1|200505|20190418|0
1|900923|20190418|0
0|002257|20190418|0
1|600401|20190418|0
1|200058|20190418|0
1|603799|20190418|0
1|200011|20190418|0
1|200020|20190418|0
0|002720|20190418|0
1|601206|20190418|0
1|603982|20190418|0
1|200018|20190418|0
0|002710|20190418|0
1|900955|20190418|0
0|300028|20190418|0
1|200512|20190418|0
0|000991|20190418|0
1|600988|20190418|0
