1|601318|20190808|23419158942
1|603799|20190808|570814617
1|601166|20190808|11835763454
1|600776|20190808|661821098
0|002049|20190808|2372752582
1|600547|20190808|1979743221
1|600584|20190808|1228038249
0|002237|20190808|1209229680
1|603993|20190808|1491130122
1|601336|20190808|1600989935
0|002714|20190808|3806988455
0|002415|20190808|1870047662
0|001979|20190808|1027107312
1|510900|20190808|24176525308
0|000063|20190808|3989735380
0|002268|20190808|1552862821
1|600288|20190808|558039525
0|002648|20190808|597327807
0|300122|20190808|1237869720
1|600325|20190808|1112989561
1|601601|20190808|1636702561
1|601398|20190808|2862890310
1|601989|20190808|3091320919
1|600958|20190808|1430840956
1|600031|20190808|1406798276
0|300053|20190808|805301082
1|600588|20190808|3172913432
1|600198|20190808|257156867
1|601229|20190808|945502270
0|002555|20190808|235437126
0|159934|20190808|4072438284
0|000089|20190808|453546105
1|601958|20190808|492742669
1|601169|20190808|1469611640
1|601108|20190808|2395331524
0|000768|20190808|1147296443
1|600309|20190808|2669481628
1|600366|20190808|780380628
1|600737|20190808|916970719
0|002640|20190808|614179897
1|600015|20190808|2356264843
1|600887|20190808|1902991159
0|000581|20190808|692901968
1|600919|20190808|728209965
1|688029|20190808|247238874
1|600438|20190808|578013764
1|688001|20190808|168636697
0|000776|20190808|2864254430
0|002180|20190808|305229627
1|600711|20190808|1055640381
1|600592|20190808|676370854
0|000686|20190808|1354902190
1|600967|20190808|741806770
1|601198|20190808|819595248
0|000970|20190808|1021146271
0|000627|20190808|627712018
1|600346|20190808|150323901
0|002074|20190808|1114175953
0|002041|20190808|289301484
1|600926|20190808|649121325
1|603369|20190808|192802883
0|002093|20190808|486784904
0|300144|20190808|138093799
0|002179|20190808|317915515
0|000723|20190808|351760860
0|300088|20190808|1192618510
1|600029|20190808|1228108112
1|600522|20190808|2110922313
0|300001|20190808|720367989
1|601997|20190808|1266036772
0|000887|20190808|581653574
1|600000|20190808|3967800697
1|600703|20190808|2020796992
0|000975|20190808|879167138
1|600900|20190808|1275076833
1|600340|20190808|1967138955
1|688033|20190808|127230842
0|002368|20190808|1077932357
1|600775|20190808|464691593
0|002440|20190808|520110109
0|000401|20190808|755589445
0|000043|20190808|236830597
1|600971|20190808|410868389
1|600566|20190808|454270373
0|159937|20190808|3529609340
0|300251|20190808|724856582
0|002410|20190808|316022356
1|600019|20190808|960417907
0|002099|20190808|459254573
1|600038|20190808|876682494
1|600151|20190808|458172197
1|600677|20190808|666973587
1|600009|20190808|390260884
1|510330|20190808|112936285
0|300003|20190808|918045831
0|002024|20190808|3172556667
1|688333|20190808|99842090
0|002217|20190808|954143279
1|601021|20190808|349558221
1|600435|20190808|791165244
0|000060|20190808|1079176471
0|002152|20190808|574532575
0|002594|20190808|1637963432
1|600999|20190808|902335219
0|002482|20190808|468334895
0|000503|20190808|1705631260
1|600094|20190808|1054185742
1|688066|20190808|123987819
0|002025|20190808|810627393
0|000537|20190808|417019150
0|000926|20190808|739183058
1|600086|20190808|127313755
1|600139|20190808|240652948
0|002146|20190808|1216844163
0|000059|20190808|690308698
1|688019|20190808|148606797
1|688016|20190808|253672164
0|002493|20190808|607871517
0|300170|20190808|1328504231
1|600881|20190808|660933386
1|600580|20190808|518390280
0|000915|20190808|301173109
0|300296|20190808|482273461
0|300205|20190808|483779498
0|002138|20190808|375288442
0|002456|20190808|2067907162
1|600259|20190808|622199440
0|002313|20190808|631219299
0|300124|20190808|457554569
1|601588|20190808|265560285
0|000551|20190808|427634949
1|600011|20190808|227133453
0|002574|20190808|279442229
0|000540|20190808|1243815515
0|300226|20190808|623985223
1|600640|20190808|391415265
0|000046|20190808|614465198
1|601328|20190808|2571341245
1|600267|20190808|615549649
0|000961|20190808|448558633
0|002439|20190808|300987886
1|600157|20190808|565712989
1|600740|20190808|557112770
0|002401|20190808|379773736
0|000790|20190808|444388653
1|600039|20190808|362782571
1|600655|20190808|384050083
1|600545|20190808|363645186
1|600467|20190808|240260615
1|601877|20190808|368440006
1|600025|20190808|140279989
1|600158|20190808|829956989
1|600667|20190808|791414455
1|600162|20190808|183722823
0|002673|20190808|1603077179
1|600751|20190808|380203858
0|002378|20190808|443906300
0|159919|20190808|1126567449
1|600418|20190808|480865596
1|600085|20190808|581780322
1|600633|20190808|527832425
0|000937|20190808|462186870
0|002063|20190808|681034485
1|600470|20190808|439673844
1|601669|20190808|811994773
1|600392|20190808|1223359555
1|601607|20190808|803579899
0|002071|20190808|154578549
1|600572|20190808|1323791697
1|600406|20190808|1594717700
1|600141|20190808|779180902
0|002318|20190808|359718213
1|600108|20190808|571756168
0|002183|20190808|825032825
0|300136|20190808|1789732714
0|000040|20190808|404390538
1|600872|20190808|331280080
1|600266|20190808|1632222998
0|002106|20190808|581711967
1|600236|20190808|109461945
1|513500|20190808|2661319376
1|600486|20190808|176478890
0|000783|20190808|1272273215
1|601998|20190808|630806733
0|002399|20190808|731150112
1|600549|20190808|835600931
1|600398|20190808|157809774
0|000778|20190808|1142319693
1|600998|20190808|894602194
0|000869|20190808|270568723
0|000598|20190808|413404465
1|601699|20190808|559865802
0|000600|20190808|168159846
1|512070|20190808|14720186
1|600648|20190808|1053272443
1|600335|20190808|316570570
0|300203|20190808|460814195
0|000415|20190808|698838899
1|600459|20190808|665982860
0|300433|20190808|189514843
1|600482|20190808|573384431
1|600017|20190808|358441356
1|600756|20190808|883956266
0|000028|20190808|232292669
0|000625|20190808|771940368
1|600826|20190808|293399141
1|688022|20190808|122465054
1|600169|20190808|286724145
1|601238|20190808|569224980
0|000848|20190808|269062702
0|300157|20190808|656419963
1|601168|20190808|1213396189
1|601636|20190808|379907773
0|000793|20190808|645354364
1|601218|20190808|240415232
1|600868|20190808|533816046
1|688388|20190808|243955111
1|600388|20190808|417596127
0|002317|20190808|477927169
0|002273|20190808|631060435
1|600511|20190808|183667469
1|600993|20190808|288970226
0|000100|20190808|2183647504
1|600026|20190808|293370273
1|600491|20190808|706683815
0|000671|20190808|1026057077
0|000006|20190808|645379793
1|600446|20190808|1491455335
0|002405|20190808|1727757954
1|600376|20190808|420737927
1|600582|20190808|417813432
0|000090|20190808|326531564
0|300065|20190808|505882397
1|601117|20190808|810944508
0|000513|20190808|333133074
0|000156|20190808|656286068
1|600873|20190808|593164237
1|600078|20190808|310024668
1|600642|20190808|320800898
0|002029|20190808|320159309
0|000607|20190808|322545872
1|600649|20190808|1296638506
0|000725|20190808|8956070336
0|002603|20190808|619571982
1|600269|20190808|333122414
1|600761|20190808|286667583
1|600528|20190808|654384373
0|002461|20190808|209590829
1|600160|20190808|1008222544
1|600820|20190808|750283805
0|002252|20190808|849840230
1|688010|20190808|92361173
0|002465|20190808|907061979
0|000531|20190808|196389066
0|000718|20190808|292277693
0|000552|20190808|245377884
0|159901|20190808|161460427
1|688005|20190808|137596881
1|600382|20190808|454842513
0|002064|20190808|243284190
1|600416|20190808|468057711
0|002293|20190808|229583442
1|601929|20190808|312451835
1|600645|20190808|880423883
1|600987|20190808|142603095
0|002292|20190808|413615249
0|000554|20190808|290451591
1|600500|20190808|713323424
0|002429|20190808|388429645
0|002065|20190808|1517824509
1|600098|20190808|276932342
1|510310|20190808|15512967
1|600757|20190808|349201266
1|600312|20190808|463987356
0|000061|20190808|477974636
1|601000|20190808|473963713
1|601126|20190808|207042986
0|002285|20190808|405619824
1|600310|20190808|162746293
0|000700|20190808|183382979
1|512160|20190808|2279331
0|002266|20190808|465420749
0|000928|20190808|278214050
0|300498|20190808|1235446324
1|601991|20190808|435032251
0|002223|20190808|297224862
0|000921|20190808|189885510
1|600789|20190808|597441053
1|601158|20190808|137752067
0|000616|20190808|346505060
1|600466|20190808|706863745
1|600730|20190808|275019010
1|600611|20190808|400499208
0|000905|20190808|191729073
0|300039|20190808|378781568
1|600478|20190808|436259497
0|000829|20190808|279018145
1|601666|20190808|359329675
1|600332|20190808|1019764039
1|600153|20190808|715153158
0|000559|20190808|878847157
0|300253|20190808|882859803
1|601988|20190808|2307363776
0|000690|20190808|1207719057
0|159939|20190808|25530276
1|600537|20190808|330672144
1|600115|20190808|578735463
1|600846|20190808|531599760
1|600663|20190808|257937275
0|002500|20190808|1751966694
0|002595|20190808|36238322
1|512960|20190808|536316
1|603323|20190808|561922112
1|600230|20190808|615601284
1|600743|20190808|216551286
1|600773|20190808|417902737
1|601001|20190808|299703449
1|603885|20190808|31808505
1|600146|20190808|356902734
1|601999|20190808|134674090
1|600643|20190808|758744044
0|000027|20190808|307878026
1|600742|20190808|624063890
0|002241|20190808|1055896722
1|600816|20190808|1276692423
0|000596|20190808|146420658
1|600575|20190808|492328242
1|600185|20190808|270456177
0|000030|20190808|104421364
1|510710|20190808|1688864
0|002556|20190808|297209069
0|159916|20190808|327363
0|000761|20190808|237882170
1|601996|20190808|217516024
1|601801|20190808|297529296
1|600894|20190808|186282810
0|000592|20190808|611950064
0|002393|20190808|353211175
1|603766|20190808|308323982
0|300199|20190808|473004272
0|300257|20190808|354011271
0|002287|20190808|114601915
0|000417|20190808|314745540
1|600033|20190808|222120766
1|600851|20190808|265867636
1|600551|20190808|207302598
1|600802|20190808|343928077
1|510880|20190808|27105292
1|600333|20190808|207596369
0|159938|20190808|21819940
1|600684|20190808|365479054
1|601118|20190808|1045132489
0|002073|20190808|370355616
1|600377|20190808|53981898
1|600661|20190808|577053338
1|600168|20190808|100615907
1|600027|20190808|292852721
1|600893|20190808|1257765502
1|600535|20190808|834973691
1|600771|20190808|886618634
0|000883|20190808|264084179
1|512180|20190808|906355
0|000762|20190808|483873881
1|600880|20190808|360602227
0|000767|20190808|105279325
1|601886|20190808|639205733
1|600481|20190808|254753104
1|600626|20190808|424898688
0|159925|20190808|983876
1|512510|20190808|1413017
0|002308|20190808|503701165
1|512090|20190808|3725645
0|002158|20190808|310265886
1|600187|20190808|319167554
0|000685|20190808|365459485
0|002128|20190808|540449485
1|510390|20190808|368660
1|601717|20190808|628683611
0|002424|20190808|325156605
1|512040|20190808|4456365
0|159959|20190808|72030
1|510160|20190808|435535
1|512950|20190808|1284510
0|002154|20190808|228801099
0|000801|20190808|338496767
1|512280|20190808|1252512
1|600716|20190808|266291391
1|512990|20190808|2302942
1|510590|20190808|372204
0|002416|20190808|226150991
1|510810|20190808|868352
0|159910|20190808|598491
1|601199|20190808|100133131
0|000631|20190808|244785716
1|512580|20190808|9632473
0|159928|20190808|14729720
0|000565|20190808|156167520
1|510580|20190808|1031155
1|512290|20190808|1398914
1|600662|20190808|331215655
0|002344|20190808|333086199
0|002518|20190808|236837987
1|512900|20190808|1659266
1|512010|20190808|14874680
1|601898|20190808|480491095
0|001896|20190808|202489980
1|601333|20190808|512659657
1|601258|20190808|302767119
1|600594|20190808|368378444
1|512500|20190808|103799613
1|600223|20190808|317107455
0|000828|20190808|261934091
1|601566|20190808|86479392
1|600827|20190808|402615031
1|601808|20190808|249384165
0|002275|20190808|161064121
0|002181|20190808|204407410
0|159948|20190808|2013435
0|002075|20190808|740842938
0|002588|20190808|129813842
1|600800|20190808|298915265
1|600048|20190808|2747008255
1|510850|20190808|805451
0|159922|20190808|14162067
1|510510|20190808|13831722
0|002561|20190808|102223735
1|600285|20190808|291282571
1|600790|20190808|291403404
0|000062|20190808|499411960
0|000930|20190808|685914611
1|601186|20190808|2135716444
0|002577|20190808|227600233
1|600251|20190808|255652802
0|000731|20190808|422349915
1|603589|20190808|30624464
0|300168|20190808|1470352623
1|600688|20190808|289448564
0|002236|20190808|1030944891
1|600067|20190808|346047895
0|002095|20190808|405486445
1|601985|20190808|770394499
1|600548|20190808|39434384
1|601179|20190808|356276279
1|601139|20190808|173286550
0|159952|20190808|46656237
0|002563|20190808|52279893
1|600386|20190808|237378106
1|600110|20190808|781941111
1|601919|20190808|495129310
0|002372|20190808|142172114
1|600720|20190808|470370239
0|002056|20190808|584415371
1|600012|20190808|93987076
0|002467|20190808|657902693
1|600218|20190808|743337666
0|002538|20190808|253241821
1|600694|20190808|459387994
1|600143|20190808|429592040
0|000719|20190808|96895375
0|300128|20190808|605253192
0|002476|20190808|320102998
1|600563|20190808|143940663
1|600021|20190808|192371530
1|600175|20190808|353181219
0|300202|20190808|352589190
1|510180|20190808|205478281
1|600673|20190808|1285254863
0|002269|20190808|109174079
1|600077|20190808|268701744
0|002573|20190808|497227841
0|000488|20190808|615508729
1|600060|20190808|683531962
0|000539|20190808|392885983
0|000738|20190808|644753589
0|000899|20190808|91530544
1|600722|20190808|242949235
1|600337|20190808|238380338
1|512980|20190808|21661648
1|600495|20190808|340868548
0|000541|20190808|220330608
1|601857|20190808|2219112356
0|002251|20190808|221913269
1|600113|20190808|276742975
0|002437|20190808|307391058
1|600093|20190808|76934347
1|600380|20190808|400976935
1|600058|20190808|264206988
0|002355|20190808|268394852
1|600777|20190808|664596386
0|002004|20190808|470544831
1|600206|20190808|875984954
1|603001|20190808|131211434
0|300027|20190808|858782685
0|300002|20190808|700320471
1|600221|20190808|1017306780
1|600369|20190808|1008646278
1|601766|20190808|2184078753
1|601928|20190808|260855247
0|000708|20190808|109262450
0|002140|20190808|207930951
1|600601|20190808|617411508
1|600867|20190808|796327727
1|601018|20190808|517346460
1|600293|20190808|271038829
1|600976|20190808|353483733
0|002276|20190808|452116964
1|600811|20190808|1255999374
0|159902|20190808|38824004
0|002739|20190808|883500523
0|300147|20190808|404768034
1|600282|20190808|446026135
1|600237|20190808|323262401
1|601311|20190808|488371770
0|000726|20190808|120221596
0|002067|20190808|498159970
0|002294|20190808|683052674
1|600609|20190808|208669217
1|600088|20190808|306121829
0|002302|20190808|396945307
0|000973|20190808|386035228
0|000667|20190808|253153698
1|600515|20190808|405643817
1|600118|20190808|1125557416
1|600616|20190808|247532652
1|600886|20190808|1961821142
1|600409|20190808|792936219
1|601002|20190808|385922017
1|600220|20190808|230553023
1|600823|20190808|402781305
0|002271|20190808|363732073
0|000709|20190808|1190893433
0|002267|20190808|304538574
1|601901|20190808|774499781
0|001872|20190808|163442674
0|002022|20190808|491615641
1|600879|20190808|962295497
0|159965|20190808|472992
0|002736|20190808|514997771
1|603858|20190808|641353949
1|601377|20190808|2386657175
0|002153|20190808|341733044
1|512380|20190808|725281
1|600978|20190808|545094583
1|600970|20190808|944782865
1|600583|20190808|507706239
0|000078|20190808|404685476
0|300055|20190808|556114873
1|600329|20190808|251827562
1|600079|20190808|585726587
1|600668|20190808|679472395
0|300026|20190808|413353383
1|600604|20190808|702047000
0|002204|20190808|266791248
0|002130|20190808|352287409
1|600825|20190808|317985735
1|600138|20190808|501853648
1|600343|20190808|382313015
1|601880|20190808|225491011
1|600449|20190808|382440462
0|002048|20190808|373831333
1|600229|20190808|243867631
1|600307|20190808|496727605
1|600089|20190808|1330875107
1|600210|20190808|380704508
0|000543|20190808|298717033
0|000998|20190808|895700761
0|002161|20190808|438487836
1|600884|20190808|751800568
1|600499|20190808|602759662
0|002244|20190808|299511930
0|000665|20190808|284810429
1|600023|20190808|305071366
1|600509|20190808|321900858
1|600433|20190808|575432179
1|600516|20190808|2647589032
1|600135|20190808|378491874
0|002311|20190808|87767433
1|601098|20190808|242522806
0|002662|20190808|270710110
1|600483|20190808|150772550
0|002055|20190808|471221418
1|600125|20190808|598794197
1|601777|20190808|461922764
0|000732|20190808|1074905255
1|600171|20190808|960580091
0|002229|20190808|402303904
1|600007|20190808|240636970
1|600718|20190808|1121453898
1|600759|20190808|492506218
1|600770|20190808|557993112
0|000786|20190808|349494460
1|600755|20190808|1091775380
1|600064|20190808|716106111
1|600415|20190808|451323923
0|000525|20190808|422396350
1|600503|20190808|648562643
0|300115|20190808|623791252
0|000402|20190808|743324709
1|600200|20190808|414649955
0|000501|20190808|335295623
1|600543|20190808|343368044
0|002419|20190808|121328678
0|000012|20190808|484237441
1|600782|20190808|651331801
1|600664|20190808|571075060
1|600765|20190808|628558427
1|600297|20190808|349950314
1|600022|20190808|791846963
1|600261|20190808|217869191
0|002104|20190808|600021539
1|601872|20190808|365062511
1|600199|20190808|296856867
0|002092|20190808|1043143734
1|600216|20190808|620017660
0|000999|20190808|325356817
1|600006|20190808|332433835
1|600107|20190808|297705728
1|600578|20190808|262540020
0|159920|20190808|18281391433
0|300212|20190808|983750026
0|000088|20190808|204830991
1|601727|20190808|691951068
0|002277|20190808|565183102
1|600901|20190808|418245439
0|159905|20190808|11869085
0|000729|20190808|613806789
1|600320|20190808|253547078
0|002646|20190808|232880246
0|000656|20190808|1003064870
1|600330|20190808|665938731
1|600096|20190808|395864259
1|600292|20190808|340902896
0|000966|20190808|149752009
1|600176|20190808|1207128717
0|300273|20190808|637572797
0|000839|20190808|1107765969
0|000811|20190808|499471004
0|002572|20190808|200237076
1|601933|20190808|712739539
1|600063|20190808|424962546
1|600502|20190808|439114251
0|002148|20190808|408256926
1|510230|20190808|9436568
1|601718|20190808|482169504
0|002470|20190808|314608164
0|000789|20190808|498220481
0|002262|20190808|420393921
1|601233|20190808|1613787643
1|600395|20190808|365861375
1|601555|20190808|1396228116
0|002081|20190808|317696758
1|600874|20190808|384435140
0|002011|20190808|343964291
0|000739|20190808|286098329
1|512800|20190808|56272445
1|688028|20190808|167957394
0|002085|20190808|236580543
0|002431|20190808|476628435
1|600692|20190808|306061628
1|601668|20190808|4078542832
1|688012|20190808|265595871
0|000550|20190808|89952146
1|600653|20190808|199306868
0|000099|20190808|288355598
0|000812|20190808|321251792
1|600837|20190808|4520851453
1|601128|20190808|287509008
0|002444|20190808|322750120
0|000877|20190808|494164388
1|600120|20190808|687741886
0|000680|20190808|312241695
0|002051|20190808|607721111
1|600651|20190808|183411015
1|600839|20190808|1012658073
0|002474|20190808|402760351
0|002325|20190808|458637479
0|000900|20190808|320829702
1|600389|20190808|340380162
1|688018|20190808|200960153
1|601388|20190808|318321118
1|603169|20190808|182506397
1|600037|20190808|503229733
1|600795|20190808|736634930
0|000957|20190808|256260035
1|513030|20190808|190389798
1|600565|20190808|280833916
1|600707|20190808|378670955
1|600587|20190808|335380788
1|600123|20190808|773998478
0|002078|20190808|388537928
1|600363|20190808|507002486
0|002557|20190808|132769986
1|600787|20190808|504190214
1|688122|20190808|142910505
0|000901|20190808|600026323
1|600809|20190808|331785384
1|600624|20190808|545179501
1|600336|20190808|278358941
0|000777|20190808|379978148
0|000851|20190808|676663799
0|000516|20190808|808299747
0|000712|20190808|904521992
0|002091|20190808|422120575
1|601818|20190808|1519738733
1|600750|20190808|413267811
0|300010|20190808|646470269
0|000800|20190808|909787021
0|002221|20190808|745860320
1|600387|20190808|338008404
0|000157|20190808|632323171
0|000050|20190808|1780803984
0|001696|20190808|305713162
0|002110|20190808|707794479
1|600372|20190808|622865865
1|600222|20190808|285389397
1|601608|20190808|471517468
1|600639|20190808|179155252
1|600748|20190808|623250046
1|600122|20190808|221932585
0|002242|20190808|116224440
0|000151|20190808|333309319
1|600686|20190808|349964400
0|000630|20190808|892181307
0|159949|20190808|185551788
0|002042|20190808|607771649
0|000039|20190808|790170638
1|601618|20190808|1004760499
0|000898|20190808|605179142
0|000969|20190808|483272982
0|002600|20190808|497383524
1|600557|20190808|179321056
0|000825|20190808|875523123
1|688006|20190808|150603972
1|600004|20190808|151647319
1|600717|20190808|445415007
0|002038|20190808|1173223028
1|600016|20190808|8360589551
0|300014|20190808|1079407011
0|000703|20190808|475687953
1|600373|20190808|460918306
1|600331|20190808|222702404
1|601038|20190808|209890233
0|002521|20190808|347317342
0|000933|20190808|309269937
0|000758|20190808|521066106
1|600676|20190808|227371834
1|600635|20190808|1050450481
0|002016|20190808|320177396
0|300072|20190808|1330713666
0|000008|20190808|363889558
1|601789|20190808|248560666
1|600239|20190808|423791424
0|300133|20190808|724063930
0|002028|20190808|637269837
1|600805|20190808|349299877
1|601800|20190808|670773708
0|000989|20190808|294340150
1|600838|20190808|256785877
1|600660|20190808|1003977959
1|600744|20190808|181771156
0|300079|20190808|1174967185
1|600256|20190808|1378227135
1|600109|20190808|2155938631
0|000960|20190808|995929194
1|518880|20190808|14714202794
1|601225|20190808|957662545
0|000400|20190808|487455169
1|600066|20190808|363755968
0|002129|20190808|1563115333
0|000807|20190808|745554605
0|002261|20190808|589380554
1|600350|20190808|206041371
0|002307|20190808|379727853
1|600690|20190808|907449123
1|600620|20190808|298993521
1|601369|20190808|306354451
1|601107|20190808|105666486
1|600699|20190808|761705745
1|601866|20190808|427060352
1|601216|20190808|912791349
1|601992|20190808|907805081
0|002281|20190808|1124102869
0|300017|20190808|2660611153
0|002151|20190808|548915279
0|000568|20190808|941074956
1|600059|20190808|426465964
0|000404|20190808|445469486
1|600277|20190808|605606224
1|600062|20190808|388208701
0|002117|20190808|563388126
1|688020|20190808|116022317
1|600362|20190808|1101596870
1|600525|20190808|749813863
0|000413|20190808|2032659542
1|600729|20190808|645405381
1|600497|20190808|780231857
1|600458|20190808|405058248
0|000338|20190808|2096433686
1|600410|20190808|941653237
1|600637|20190808|1206678777
1|600606|20190808|1291682638
1|600460|20190808|1105834913
1|600831|20190808|530173450
0|300070|20190808|1333546135
0|000423|20190808|868127307
0|000997|20190808|944729684
1|600597|20190808|498249784
0|300182|20190808|589534453
1|601633|20190808|317210110
0|000996|20190808|647456957
0|300355|20190808|833985547
0|002002|20190808|620613144
0|159915|20190808|381422360
0|000932|20190808|920983368
0|002250|20190808|359298811
0|300024|20190808|1444170893
0|002050|20190808|390598989
0|002233|20190808|647576007
1|600170|20190808|344512437
0|002310|20190808|965082682
1|600219|20190808|998461761
1|600008|20190808|508068323
0|002108|20190808|542957209
1|600323|20190808|302091710
0|002375|20190808|287345566
0|000069|20190808|1634381687
0|000536|20190808|383727541
0|002369|20190808|573220210
0|000629|20190808|431590484
0|002414|20190808|988862737
0|000728|20190808|1635883291
0|000009|20190808|1209337732
1|600704|20190808|516057051
1|600188|20190808|495696237
1|600252|20190808|473582285
1|600257|20190808|349346446
1|600783|20190808|584414596
1|600315|20190808|683487932
0|002681|20190808|315516439
0|000963|20190808|673966314
0|002118|20190808|538743496
0|002460|20190808|2215687738
1|600598|20190808|564516618
0|000623|20190808|1153005184
1|600318|20190808|344603182
1|600326|20190808|526396490
1|601515|20190808|339022285
0|002079|20190808|456414383
0|002032|20190808|42641851
1|688007|20190808|169669779
1|600073|20190808|751750875
1|600177|20190808|828913040
1|688088|20190808|249126207
1|600736|20190808|73087303
1|688015|20190808|45714985
1|600855|20190808|392654539
1|600166|20190808|870470805
1|600859|20190808|252465357
0|000830|20190808|1402187119
0|000538|20190808|508436834
1|601088|20190808|799517820
1|600507|20190808|336909597
0|000860|20190808|706301898
0|002203|20190808|430371773
1|600436|20190808|993435559
0|002176|20190808|801089440
1|600487|20190808|2176421509
1|600797|20190808|916809397
1|600830|20190808|340822755
1|512000|20190808|258929747
0|300191|20190808|412205264
1|600208|20190808|841154055
1|601111|20190808|591052588
0|002007|20190808|717690101
1|600422|20190808|997482008
0|002367|20190808|378534035
1|600271|20190808|1375995054
0|002407|20190808|963134507
0|000528|20190808|560879470
1|600456|20190808|601901734
0|002701|20190808|583843555
0|000031|20190808|435469127
0|002428|20190808|516395806
1|600116|20190808|360176983
1|600056|20190808|667394365
0|000823|20190808|732619166
1|512660|20190808|77804785
1|600808|20190808|595035064
0|000717|20190808|572000730
0|000878|20190808|784296864
1|688003|20190808|132477249
0|000650|20190808|840515997
1|600803|20190808|612827330
1|600568|20190808|415637459
1|600100|20190808|1713623307
1|600028|20190808|2236983220
0|002202|20190808|703928389
0|002579|20190808|317566685
1|601678|20190808|816181038
0|000036|20190808|312898080
0|002400|20190808|488625784
0|002195|20190808|1249992003
1|600498|20190808|1303942080
1|600276|20190808|1019275863
0|002001|20190808|1389876152
0|000425|20190808|958949536
0|000826|20190808|1144975083
1|601628|20190808|1082008847
1|600705|20190808|1657711535
1|600895|20190808|1130675730
1|600863|20190808|328727612
1|600559|20190808|369486825
0|000902|20190808|231443998
0|002475|20190808|1061445494
0|300058|20190808|942720686
0|300020|20190808|704191520
1|600523|20190808|475455159
0|300274|20190808|590361500
1|600348|20190808|497905089
1|600426|20190808|524703569
0|000166|20190808|1235278414
1|600702|20190808|668054999
1|600490|20190808|923241845
1|601099|20190808|2048538310
0|000563|20190808|897204261
1|601600|20190808|1570056089
1|603000|20190808|991318911
1|600728|20190808|1235519183
1|601138|20190808|1205138617
1|600061|20190808|492539425
1|600020|20190808|454285869
0|300113|20190808|616993455
1|600517|20190808|563122124
1|688002|20190808|203904003
0|300146|20190808|725703217
1|601899|20190808|1767705186
1|601101|20190808|401211200
1|600521|20190808|479400362
1|600068|20190808|1201852988
1|513100|20190808|2216462512
1|688011|20190808|100128106
1|601788|20190808|1629041266
1|600875|20190808|1017262604
1|601155|20190808|1870311150
1|600835|20190808|245475163
1|600050|20190808|3896196435
1|601939|20190808|1448342415
0|002408|20190808|727799685
1|600391|20190808|452169647
1|601006|20190808|1360193284
1|600197|20190808|416146373
0|000333|20190808|1837821860
1|603128|20190808|336109254
1|601390|20190808|1525229814
1|600383|20190808|2285104930
0|002353|20190808|404397618
1|600316|20190808|680603110
0|002304|20190808|1151817465
1|600739|20190808|1494678140
1|600298|20190808|282495875
1|600161|20190808|818935025
0|002023|20190808|1039632010
0|002142|20190808|586023274
1|600111|20190808|2276888994
1|513050|20190808|842015926
0|000983|20190808|687921110
1|510050|20190808|14899260464
1|600804|20190808|1563711483
1|600132|20190808|147793734
1|600354|20190808|284271364
1|600201|20190808|967570157
1|688008|20190808|404310001
1|600596|20190808|829802164
1|600183|20190808|769912270
0|002385|20190808|1118399163
1|600010|20190808|1643307784
1|601012|20190808|1282564190
1|600300|20190808|421211163
0|002396|20190808|1027454511
0|002508|20190808|418838193
0|002027|20190808|1773184682
1|688009|20190808|1247707271
1|600600|20190808|384552029
1|600612|20190808|83657410
1|601288|20190808|3825334774
0|002230|20190808|3655055598
1|601888|20190808|728032891
1|600352|20190808|4188900301
1|600674|20190808|468730643
0|002597|20190808|333412944
1|600284|20190808|301682756
0|002653|20190808|107287916
0|300015|20190808|474253443
0|000988|20190808|1320931935
1|600155|20190808|677552205
1|601211|20190808|2517883505
0|000651|20190808|5140525612
1|601009|20190808|1538162322
1|600741|20190808|311311323
1|601881|20190808|1788980900
0|000895|20190808|773963245
1|510500|20190808|5067655945
1|600801|20190808|961809962
1|601231|20190808|279090465
0|000049|20190808|301989943
0|300034|20190808|384603314
1|600489|20190808|1441036375
0|000661|20190808|1119071414
0|000750|20190808|1478641944
0|002299|20190808|1124899034
1|600260|20190808|1595580460
0|002371|20190808|1001564080
0|002191|20190808|1210502993
1|600273|20190808|1205625412
1|600104|20190808|2013223432
1|600018|20190808|1293070863
0|000938|20190808|838921135
1|600196|20190808|1497214038
1|600585|20190808|1676120430
0|002466|20190808|1136178076
0|002185|20190808|996685060
1|600036|20190808|3172427422
0|000002|20190808|2526528427
1|600519|20190808|8303018984
1|600536|20190808|1618705613
0|002008|20190808|1329135548
0|000876|20190808|2380941808
0|002340|20190808|1546706818
0|000858|20190808|4282954574
1|512880|20190808|674441790
0|000977|20190808|2038504714
0|300059|20190808|7763192573
1|510300|20190808|12783251491
1|601688|20190808|4474318274
0|300033|20190808|1609154825
1|600570|20190808|3224083335
0|000001|20190808|3567121424
1|600030|20190808|10322443875
1|688188|20190808|259056688
1|688099|20190808|262846607
