0|002077|62|国常会延续半导体所得税优惠；贸易摩擦推动自主可控。子公司艾科半导体主要业务是集成电路测试服务和射频测试设备。|0.000
0|000589|62|贵州轮胎四连板；美撤销对中国非公路轮胎双反令。离岸人民币兑美元跌破6.9关口。完成更名，18年外销占比34.6%；主营轮胎，产品包括卡客车轮胎、工程机械轮胎、农业机械轮胎、林业机械轮胎等。|0.000
0|000893|62|旗下的中农国际钾盐开发有限公司拥有老挝甘蒙省35平方公里的钾盐采矿权，钾盐矿总储量10.02亿吨|0.000
0|300123|62|龙头科隆股份此前8连板，多家公司近期除权。18年年报10转8；签署12.4亿元海军巡逻艇订单。|0.000
0|300542|62|比特币近八个月来首次重回7000美元关口。龙头科隆股份此前8连板，多家公司近期除权。18年年报10转5，5月9日除权除息；公司称现有在做区块链技术方面的研发；主要业务是为空管、媒体、政府机构及大中型国有企事业单位等行业的专业信息化解决方案与服务的供应商。|0.000
0|002211|62|“等保2.0”将于5月13日正式发布。投资设立上海鸿翥信息科技有限公司，主营信息安全建设。|0.000
0|300199|62|与大理经开区签署合作协议，共同探索、开发当地特色经济作物工业大麻在工业化提取及其提取物在药物治疗领域的开发和透皮吸收贴剂、口服剂等高端剂型研究开发方向的多元发展|0.000
1|600896|62|中办、国办印发《国家生态文明试验区（海南）实施方案》。7家上市公司同时暂停上市，史无前例。海南本地股，主营医疗健康服务产业。|0.000
1|600577|62|全资子公司精达电商1.4亿收购公司控股股东特华投资控股有限公司所持有的上海富友金融服务集团股份有限公司和上海富友支付服务股份有限公司的部分股权|0.000
0|002103|62|比特币近八个月来首次重回7000美元关口。参股汇元通，积极探究区块链技术，汇元通不两家美国的区块链技术公司有洽谈，同时公司还成立了与门的研究小组与攻研究区块链。|0.000
0|002835|62|离岸人民币兑美元跌破6.9关口。18年外销占比91.88%；主营安防视频监控系统。|0.000
0|300480|62|国常会延续半导体所得税优惠；贸易摩擦推动自主可控。主营安全生产监控及节能与环保业务、半导体封测装备制造业务两大板块。|0.000
0|300768|62|开板次新股，主营企业级网络通信产品|0.000
1|600903|62|前期妖股，最大涨幅近3倍，主营天然气供应|0.000
0|002052|62|机顶盒主芯片以进口为主；公司是国内最早研究开发数字机顶盒的厂商之一|0.000
0|000409|62|贵州轮胎四连板；美撤销对中国非公路轮胎双反令。主营轮胎、加工贸易。|0.000
1|600794|62|上海自贸扩容辐射长三角；地区签署健康合作备忘录。地处江苏，主营液体化工品的码头装卸及保税仓储业务。|0.000
1|603335|62|离岸人民币兑美元跌破6.9关口。龙头科隆股份此前8连板，多家公司近期除权。18年年报10转3，外销占比96%；主营生产铝合金车轮，是国内少数具备生产26寸至30寸汽车铝合金车轮制造企业之一。|0.000
0|002656|62|离岸人民币兑美元跌破6.9关口。18年外销占比56.5%；专注于买手店，自有品牌卡奴迪路。|0.000
1|600778|62|7家上市公司同时暂停上市，史无前例。主营商品的零售与批发。|0.000
0|300302|62|主营数据存储、数据保护、容灾，为多行业客户提供自主可控的面向云计算架构和闪存技术的基础架构解决方案|0.000
1|600410|62|从产品代理到自主“云产品+云解决方案”全方位云服务的转型；天成云专注于行业云，为公司的重要行业客户提供以云计算平台为核心的“一站式”产品和解决方案|0.000
0|300526|62|体育-从事各种水域潜水、渔猎等活动防护装备的研发，设计，前期高送转人气股|0.000
0|000565|62|实际控制人为重庆市国资委，公司为我国涂料行业龙头|0.000
0|000713|62|贸易摩擦升级；美国大豆期货跌至逾10年新低。龙头科隆股份此前8连板，多家公司近期除权。18年年报10转3；国内种业龙头之一，主营包括大豆种子等；一季报净利润同比增长136.5%。|0.000
0|300119|62|禽疫苗龙头，国内少数几家覆盖禽畜疫病预防、诊断、治疗、保健的兽药企业之一|0.000
1|600354|62|贸易摩擦升级；美国大豆期货跌至逾10年新低。国内优质种子生产商，主要产品为蔬菜种子、棉籽棉花、西瓜种子。|0.000
1|603520|62|专业从事X射线造影剂、喹诺酮类抗菌药等药物的原料药及中间体的研发、生产及销售|0.000
0|002245|62|此前子公司天鹏电源与小米系速珂智能签订合作协议，拟联合开发制造电动摩托车及电动自行车专用电池|0.000
0|300576|62|地处深圳，PCB感光油墨国内龙头企业之一|0.000
0|002442|62|专注于炭黑的生产和销售，生产规模、盈利能力和生产工艺方面均处于国内炭黑行业领先水平|0.000
1|600469|62|贵州轮胎四连板；美撤销对中国非公路轮胎双反令。离岸人民币兑美元跌破6.9关口。18年外销占比44.6%；一季报净利润归8844.84万元，上年同期亏损1.03亿元；主营全钢子午线轮胎。|0.000
1|600530|62|红枣期货主力触及涨停，为上市以来首次。交大系；拥有百种保健品覆盖功能保健、传统滋补品、营养补充剂等。|0.000
1|600679|62|上海自贸扩容辐射长三角；地区签署健康合作备忘录。实控人为上海金山区国资委，主营自行车制造、房地产开发与经营等。|0.000
0|300644|62|前期次新股龙头之一，主营改性塑料产品|0.000
0|300509|62|离岸人民币兑美元跌破6.9关口。18年外销占比43%，主营液态食品包装机械的制造，包括流体系列设备、灌装系列设备、二次包装系列设备以及全自动高速PET瓶吹瓶设备四大品类。|0.000
0|300220|62|庄股，中小功率激光切割行业应用解决方案提供商，主要产品为集成应用解决方案的中小功率激光切割设备|0.000
1|600122|62|子公司天下支付科技有限公司拥有第三方支付牌照|0.000
0|002582|62|红枣期货主力触及涨停，为上市以来首次。中国红枣行业的龙头企业。|0.000
0|300292|62|公司以销售箱体、光纤连接器为主，产品应用于无线通信基站系统、无线通信网络优化覆盖系统，以及FTTX领域等，主要客户为电信运营商|0.000
1|600336|62|国内优质冷柜企业，也是世界知名制冷设备供应商|0.000
0|002605|62|一季报同比增长269%，得益于公司游戏业务板块快速发展；此前增资car-t上海细胞治疗工程技术研究中心有限公司|0.000
0|300703|62|离岸人民币兑美元跌破6.9关口。18年外销占比98.2%；主营文教体育休闲用品，其中手工益智类包括儿童早教包、儿童识字卡片、儿童绘本、动漫贴纸等，出口为主。|0.000
1|600146|62|比特币近八个月来首次重回7000美元关口。参股20%商赢乐点，希望通过以区块链为底层核心技术衔接行业第三方征信机构，组建以“区块链+征信”的联盟链。|0.000
1|600575|62|上海自贸扩容辐射长三角；地区签署健康合作备忘录。前身为芜湖港，2014年曾与上港集团实行战略合作，当时上港集团参股了公司子公司芜湖港务有限责任公司35%的股份。|0.000
0|000998|62|贸易摩擦升级；美国大豆期货跌至逾10年新低。国内种业龙头，主要产品为杂交水稻种子、杂交玉米种子。|0.000
0|300103|62|离岸人民币兑美元跌破6.9关口。18年外销占比34.3%；西安本地股，公司是世界领先的沥青路面技术及设备的提供商。|0.000
1|603128|62|上海自贸扩容辐射长三角；地区签署健康合作备忘录。公司为综合第三方物流服务企业，主营国际货代业务（国际空运、国际海运）、特种物流、供应链贸易等。|0.000
0|002057|62|龙头科隆股份此前8连板，多家公司近期除权。18年年报10转5；与关联方共同投资“氢燃料电池石墨双极板材料”项目。|0.000
1|600284|62|上海自贸扩容辐射长三角；地区签署健康合作备忘录。实控人为上海浦东国资委，主营基础设施项目投资、建筑工程施工、沥青砼及相关产品生产销售、环保业务；此前拟4亿参设浦东科创投资基金。|0.000
0|002404|62|国常会延续半导体所得税优惠；贸易摩擦推动自主可控。离岸人民币兑美元跌破6.9关口。18年外销占比57.3%；公司参股的芯动科技专注于高端MEMS研发和生产，工艺能力涵盖MEMS芯片生产全过程，具备自主可控能力。|0.000
0|002871|62|离岸人民币兑美元跌破6.9关口。18年外销占比85.8%，主营排水阀门产品。|0.000
0|000586|62|为电信运营商提供光通信设备及配套产品|0.000
1|600871|62|7家上市公司同时暂停上市，史无前例。公司是中石化集团内唯一一家工程技术服务的主体，位居全球油服行业第四位。|0.000
0|300656|62|国常会延续半导体所得税优惠；贸易摩擦推动自主可控。离岸人民币兑美元跌破6.9关口。18年外销占比44.16%；公司已拥有针对激光扫描技术的自研芯片，针对面阵影像扫描技术的数字芯片正处于研发中。|0.000
1|600708|62|上海自贸扩容辐射长三角；地区签署健康合作备忘录。依托光明食品集团的江浙沪地产龙头。|0.000
0|000982|62|裁定被申请人宁夏中银绒业国际集团有限公司持有的公司4149.6万股流通股股票依法进行拍卖|0.000
